Bloco: 1
Noce: 25884009
End Ini | End Fim | Bitcoins
  3	   136	   15	 
  139	   126	   49	 
  190	   153	   39	 
  185	   64	   47	 
  90	   228	   10	 
  27	   152	   45	 
  159	   81	   21	 

HASH ANTERIOR: 
0000000000000000000000000000000000000000000000000000000000000000
HASH ATUAL:
000000cc2831c78fe80814aa91e1e25f20bc5666789c116850a40aa98bdc5a52

Bloco: 2
Noce: 28912615
End Ini | End Fim | Bitcoins
  70	   219	   12	 
  236	   29	   31	 
  175	   91	   37	 
  246	   210	   10	 
  140	   88	   7	 
  65	   123	   46	 
  38	   59	   50	 
  91	   227	   4	 
  107	   125	   7	 
  98	   24	   14	 
  50	   15	   20	 
  30	   56	   34	 
  70	   153	   3	 
  39	   94	   19	 
  25	   122	   3	 
  64	   80	   21	 
  174	   118	   50	 
  236	   50	   38	 
  183	   32	   43	 
  219	   158	   28	 
  54	   58	   31	 
  218	   232	   36	 
  19	   0	   22	 
  6	   171	   21	 
  173	   187	   8	 
  32	   109	   30	 
  238	   63	   23	 
  24	   35	   37	 
  240	   255	   16	 
  147	   241	   46	 
  252	   230	   33	 

HASH ANTERIOR: 
000000cc2831c78fe80814aa91e1e25f20bc5666789c116850a40aa98bdc5a52
HASH ATUAL:
00000034d4c9f5a5b3b0478a85f03728f49fed37d287b178ddcace939f3c6556

Bloco: 3
Noce: 10675959
End Ini | End Fim | Bitcoins
  229	   62	   21	 
  22	   23	   13	 
  61	   198	   19	 
  76	   203	   23	 
  71	   159	   43	 
  117	   194	   46	 
  80	   183	   10	 
  73	   25	   29	 
  93	   56	   39	 
  9	   29	   45	 
  188	   111	   10	 
  143	   6	   18	 
  25	   78	   35	 
  27	   38	   14	 
  115	   91	   13	 
  234	   19	   50	 
  3	   108	   34	 
  11	   221	   23	 
  12	   45	   31	 
  100	   0	   31	 
  58	   171	   43	 
  213	   95	   24	 
  222	   103	   23	 
  46	   225	   4	 
  152	   13	   26	 
  21	   14	   49	 
  207	   136	   2	 
  239	   82	   29	 
  194	   229	   6	 
  243	   36	   31	 
  75	   15	   49	 
  217	   114	   26	 

HASH ANTERIOR: 
00000034d4c9f5a5b3b0478a85f03728f49fed37d287b178ddcace939f3c6556
HASH ATUAL:
0000001eed1a72498d4ed3a5a223a446d8a86532ecce7b5d2243de34fd5ae8c1

Bloco: 4
Noce: 273964
End Ini | End Fim | Bitcoins
  155	   9	   22	 
  58	   56	   44	 
  189	   101	   31	 
  9	   52	   20	 
  91	   250	   36	 
  196	   132	   33	 
  181	   29	   42	 
  157	   55	   37	 
  166	   180	   36	 
  117	   186	   35	 
  50	   244	   44	 
  172	   241	   28	 
  124	   236	   26	 
  200	   88	   20	 
  170	   155	   33	 
  22	   44	   34	 
  7	   33	   42	 
  72	   114	   4	 
  232	   15	   2	 
  185	   176	   26	 
  171	   154	   32	 

HASH ANTERIOR: 
0000001eed1a72498d4ed3a5a223a446d8a86532ecce7b5d2243de34fd5ae8c1
HASH ATUAL:
000000a5a15c1f79202e9412769d1ffc49253c5db0978264c64994c2a6cd9301

Bloco: 5
Noce: 20221874
End Ini | End Fim | Bitcoins
  218	   195	   42	 
  203	   53	   44	 
  238	   204	   16	 
  86	   224	   21	 
  226	   89	   24	 
  204	   232	   30	 
  69	   109	   47	 
  203	   183	   27	 
  53	   142	   33	 
  2	   179	   42	 
  94	   81	   44	 
  202	   143	   32	 
  114	   139	   22	 
  224	   133	   21	 
  67	   79	   31	 
  196	   117	   12	 
  27	   204	   17	 
  170	   174	   42	 
  184	   0	   45	 
  20	   17	   25	 
  95	   133	   14	 
  212	   10	   49	 
  168	   180	   15	 
  254	   177	   5	 

HASH ANTERIOR: 
000000a5a15c1f79202e9412769d1ffc49253c5db0978264c64994c2a6cd9301
HASH ATUAL:
000000b3c9aee2ac335f62e4ce588cb9ea9595192d3cfa7d911c06235908a77f

Bloco: 6
Noce: 10756605
End Ini | End Fim | Bitcoins
  5	   239	   8	 
  64	   32	   18	 
  237	   75	   20	 
  193	   96	   36	 
  154	   236	   40	 
  100	   148	   27	 
  36	   196	   29	 
  204	   178	   38	 
  89	   255	   9	 
  140	   181	   23	 
  41	   6	   7	 
  120	   92	   29	 
  87	   94	   18	 
  250	   120	   13	 
  216	   181	   21	 
  142	   26	   5	 
  148	   223	   25	 
  76	   104	   22	 
  82	   179	   39	 
  95	   115	   4	 
  105	   177	   49	 
  75	   97	   24	 
  191	   221	   2	 
  43	   73	   37	 
  232	   85	   27	 
  2	   32	   28	 
  255	   98	   28	 
  244	   33	   28	 
  80	   141	   10	 
  81	   8	   14	 
  85	   44	   35	 
  28	   171	   23	 
  19	   251	   9	 
  239	   3	   31	 
  46	   93	   47	 
  94	   41	   9	 
  148	   250	   41	 
  32	   113	   11	 
  109	   80	   32	 

HASH ANTERIOR: 
000000b3c9aee2ac335f62e4ce588cb9ea9595192d3cfa7d911c06235908a77f
HASH ATUAL:
00000047fec5d055b2f527991017a996b9e4c4317e14ef4300f50ffcadc00a0a

Bloco: 7
Noce: 19057028
End Ini | End Fim | Bitcoins
  174	   110	   32	 
  224	   194	   46	 
  22	   132	   12	 
  23	   37	   49	 
  161	   131	   32	 
  9	   214	   19	 
  34	   141	   36	 
  67	   206	   22	 
  113	   239	   7	 
  172	   68	   41	 
  11	   161	   19	 
  254	   51	   49	 
  215	   216	   35	 
  76	   210	   43	 
  116	   143	   6	 
  213	   46	   19	 
  94	   199	   8	 
  140	   143	   17	 
  15	   56	   14	 
  180	   167	   6	 
  226	   5	   25	 
  107	   233	   10	 
  195	   19	   45	 
  121	   189	   34	 
  226	   33	   5	 
  231	   140	   46	 
  132	   254	   27	 
  14	   97	   10	 
  102	   25	   28	 
  242	   229	   40	 
  19	   51	   41	 
  8	   93	   40	 
  211	   42	   33	 
  228	   66	   7	 
  72	   108	   20	 
  139	   208	   16	 
  64	   137	   49	 
  12	   217	   39	 
  130	   8	   39	 
  200	   250	   34	 
  45	   229	   39	 
  236	   145	   39	 
  6	   156	   29	 
  57	   219	   33	 
  3	   54	   16	 
  102	   48	   39	 
  169	   36	   3	 
  192	   184	   46	 
  81	   146	   14	 
  125	   161	   2	 
  41	   189	   36	 
  228	   104	   30	 
  135	   72	   6	 
  19	   40	   32	 
  85	   202	   9	 
  214	   71	   49	 
  33	   132	   9	 
  162	   94	   8	 

HASH ANTERIOR: 
00000047fec5d055b2f527991017a996b9e4c4317e14ef4300f50ffcadc00a0a
HASH ATUAL:
0000006930bdcc5a0f4ec097392528eca764b20c4774ec26e77f6580fe30c965

Bloco: 8
Noce: 2618797
End Ini | End Fim | Bitcoins
  2	   99	   40	 
  209	   17	   6	 
  166	   2	   21	 
  139	   206	   27	 
  115	   24	   38	 
  204	   62	   5	 
  186	   123	   14	 
  175	   6	   29	 
  38	   167	   33	 
  247	   74	   40	 

HASH ANTERIOR: 
0000006930bdcc5a0f4ec097392528eca764b20c4774ec26e77f6580fe30c965
HASH ATUAL:
000000d8222e405841f7f2328ea9022903520928644c1c19228bad41c02d50df

Bloco: 9
Noce: 16830904
End Ini | End Fim | Bitcoins
  18	   155	   43	 
  147	   30	   19	 
  217	   172	   48	 

HASH ANTERIOR: 
000000d8222e405841f7f2328ea9022903520928644c1c19228bad41c02d50df
HASH ATUAL:
00000010cc0fc1a9a3ca0915836c994a8d316db9716463ed06ea7f27d29ae331

Bloco: 10
Noce: 3411526
End Ini | End Fim | Bitcoins
  146	   3	   47	 
  122	   112	   35	 
  166	   53	   14	 
  113	   18	   19	 
  184	   34	   43	 
  78	   10	   14	 
  107	   182	   20	 
  67	   188	   16	 
  194	   231	   32	 
  215	   82	   1	 
  211	   51	   10	 
  11	   84	   35	 
  172	   163	   20	 
  230	   236	   21	 
  240	   35	   28	 
  134	   33	   34	 
  42	   68	   49	 
  60	   61	   44	 
  85	   169	   43	 
  39	   219	   12	 
  119	   106	   49	 
  248	   52	   13	 
  123	   241	   30	 
  242	   67	   13	 
  186	   34	   37	 
  28	   172	   50	 
  135	   204	   16	 
  80	   85	   19	 
  74	   15	   12	 
  227	   136	   17	 
  250	   226	   2	 
  160	   100	   27	 
  18	   84	   46	 
  61	   144	   48	 
  44	   141	   21	 
  198	   142	   33	 
  92	   31	   6	 
  56	   252	   31	 
  132	   136	   14	 
  153	   114	   12	 
  66	   150	   19	 
  137	   196	   36	 
  101	   225	   23	 
  179	   204	   25	 
  51	   37	   42	 
  206	   112	   31	 
  144	   138	   3	 
  31	   214	   9	 
  151	   200	   10	 
  180	   84	   17	 
  170	   31	   32	 
  96	   206	   30	 

HASH ANTERIOR: 
00000010cc0fc1a9a3ca0915836c994a8d316db9716463ed06ea7f27d29ae331
HASH ATUAL:
00000076eee5ce298beff2941d9372c64c70b067d1d4be4b1b3559dcf67ca679

Bloco: 11
Noce: 1044859
End Ini | End Fim | Bitcoins
  204	   234	   12	 
  19	   128	   8	 
  92	   123	   45	 
  100	   133	   29	 
  68	   54	   27	 
  129	   2	   3	 
  184	   32	   33	 
  251	   49	   24	 
  52	   154	   48	 
  107	   37	   19	 
  77	   93	   6	 
  148	   123	   41	 
  103	   181	   2	 
  160	   92	   35	 
  106	   73	   19	 
  82	   37	   34	 
  214	   109	   8	 
  210	   34	   48	 
  54	   60	   4	 
  121	   135	   46	 
  83	   34	   30	 
  24	   223	   49	 
  185	   59	   14	 
  179	   50	   43	 
  195	   203	   48	 
  81	   100	   39	 
  223	   53	   21	 
  191	   236	   44	 
  209	   39	   11	 
  137	   158	   16	 
  233	   23	   2	 
  99	   172	   26	 
  5	   129	   46	 
  208	   118	   37	 
  148	   103	   33	 
  99	   51	   35	 
  72	   247	   47	 
  180	   79	   43	 
  209	   83	   49	 
  202	   96	   45	 
  240	   202	   14	 
  33	   136	   20	 
  91	   199	   8	 
  10	   149	   14	 
  197	   121	   39	 
  221	   249	   22	 
  205	   73	   47	 
  254	   202	   40	 
  99	   64	   9	 
  250	   147	   15	 
  143	   66	   19	 
  90	   101	   45	 
  212	   41	   6	 
  60	   245	   40	 
  20	   21	   29	 
  171	   59	   7	 
  96	   137	   8	 
  192	   78	   16	 
  232	   236	   39	 
  181	   22	   31	 
  245	   226	   26	 

HASH ANTERIOR: 
00000076eee5ce298beff2941d9372c64c70b067d1d4be4b1b3559dcf67ca679
HASH ATUAL:
0000002715cb767b90811a070803ed8940ee2987a4a4e8c52dfe66fea01f9baf

Bloco: 12
Noce: 24578376
End Ini | End Fim | Bitcoins
  120	   74	   15	 
  233	   201	   16	 
  129	   205	   22	 
  169	   230	   36	 
  109	   240	   10	 
  232	   6	   35	 
  225	   198	   18	 
  49	   106	   49	 
  253	   136	   6	 
  99	   112	   30	 
  31	   53	   19	 
  193	   155	   47	 
  77	   30	   16	 
  220	   217	   8	 
  96	   7	   18	 
  102	   76	   36	 
  93	   125	   36	 
  138	   109	   19	 
  155	   77	   17	 
  35	   128	   13	 
  62	   42	   7	 
  184	   127	   10	 
  70	   205	   45	 
  47	   33	   31	 
  179	   97	   6	 
  192	   176	   34	 
  4	   93	   10	 
  214	   250	   25	 
  143	   200	   27	 
  15	   112	   12	 
  243	   120	   36	 
  114	   68	   2	 
  76	   76	   38	 
  124	   249	   42	 
  119	   214	   6	 
  157	   18	   45	 
  24	   126	   1	 
  129	   209	   23	 
  97	   45	   8	 
  178	   209	   14	 
  103	   11	   33	 
  84	   75	   26	 
  143	   51	   17	 
  179	   79	   38	 
  28	   136	   27	 

HASH ANTERIOR: 
0000002715cb767b90811a070803ed8940ee2987a4a4e8c52dfe66fea01f9baf
HASH ATUAL:
0000003ef31cf2cf564325183c42ceab29baf75595c1833fb03f4b6d8d313633

Bloco: 13
Noce: 2405932
End Ini | End Fim | Bitcoins
  76	   126	   29	 
  163	   49	   25	 
  213	   233	   4	 
  107	   40	   49	 
  39	   55	   6	 
  141	   102	   24	 
  17	   253	   1	 
  103	   83	   34	 
  113	   230	   32	 
  105	   7	   34	 
  55	   80	   27	 
  93	   43	   34	 
  38	   103	   32	 
  31	   43	   16	 
  83	   46	   39	 
  84	   254	   20	 
  151	   22	   23	 
  166	   67	   39	 
  145	   122	   22	 
  170	   22	   23	 

HASH ANTERIOR: 
0000003ef31cf2cf564325183c42ceab29baf75595c1833fb03f4b6d8d313633
HASH ATUAL:
0000007ccc3a201153084ecde3ff08c4a9996dcaf2e3c719a356f5a61092b674

Bloco: 14
Noce: 19323872
End Ini | End Fim | Bitcoins
  193	   233	   19	 
  109	   57	   47	 
  238	   75	   28	 
  247	   238	   12	 
  80	   101	   15	 
  195	   6	   48	 
  70	   173	   15	 

HASH ANTERIOR: 
0000007ccc3a201153084ecde3ff08c4a9996dcaf2e3c719a356f5a61092b674
HASH ATUAL:
000000c9b3990a0ccb6e7b389eabbb13c8a8af46225b634b3c9557988921be15

Bloco: 15
Noce: 8294512
End Ini | End Fim | Bitcoins
  195	   196	   19	 
  202	   84	   12	 
  200	   241	   4	 
  204	   93	   26	 
  168	   127	   20	 
  21	   206	   1	 
  12	   165	   33	 
  119	   24	   48	 
  218	   47	   29	 
  85	   100	   29	 
  41	   251	   49	 

HASH ANTERIOR: 
000000c9b3990a0ccb6e7b389eabbb13c8a8af46225b634b3c9557988921be15
HASH ATUAL:
000000007e30d356f14b9ec3d8c7c59191654e86a46bf94518865ad82ae18b7f

Bloco: 16
Noce: 64007954
End Ini | End Fim | Bitcoins
  71	   183	   3	 
  101	   12	   27	 
  240	   89	   50	 
  139	   43	   34	 
  54	   52	   13	 
  23	   254	   43	 
  19	   173	   14	 
  128	   213	   13	 
  174	   250	   7	 
  229	   147	   15	 
  187	   39	   43	 
  70	   151	   10	 
  222	   187	   38	 
  123	   199	   45	 
  92	   54	   12	 
  222	   215	   12	 
  224	   143	   32	 
  11	   101	   17	 
  145	   164	   5	 
  199	   78	   2	 
  224	   128	   35	 
  229	   174	   28	 
  165	   124	   27	 
  138	   21	   47	 
  34	   108	   30	 
  23	   129	   34	 
  236	   248	   38	 
  180	   3	   33	 
  228	   17	   29	 
  73	   95	   13	 
  91	   249	   11	 
  136	   158	   11	 
  70	   181	   29	 
  78	   249	   28	 
  88	   24	   5	 
  207	   68	   10	 
  255	   228	   12	 
  96	   95	   36	 

HASH ANTERIOR: 
000000007e30d356f14b9ec3d8c7c59191654e86a46bf94518865ad82ae18b7f
HASH ATUAL:
0000003858e72f8d10fdf813d00db51d03a383531dbc44288b2b5efd10845d43

Bloco: 17
Noce: 10886724
End Ini | End Fim | Bitcoins
  90	   181	   43	 
  53	   94	   4	 
  227	   67	   45	 
  180	   139	   20	 
  39	   116	   16	 
  40	   3	   5	 

HASH ANTERIOR: 
0000003858e72f8d10fdf813d00db51d03a383531dbc44288b2b5efd10845d43
HASH ATUAL:
00000010dbe7f189946763bdd830e4cd50071d278b9b0001437a889fad481a5a

Bloco: 18
Noce: 119772
End Ini | End Fim | Bitcoins
  126	   128	   5	 
  194	   179	   46	 
  104	   171	   23	 
  117	   30	   9	 
  92	   42	   6	 
  227	   45	   31	 
  31	   49	   50	 
  238	   28	   12	 
  22	   157	   43	 
  37	   213	   26	 
  72	   223	   21	 
  54	   225	   13	 
  145	   99	   35	 
  234	   149	   20	 
  121	   108	   1	 
  160	   125	   42	 
  190	   119	   50	 
  108	   90	   26	 
  202	   122	   30	 
  51	   39	   8	 
  116	   25	   47	 

HASH ANTERIOR: 
00000010dbe7f189946763bdd830e4cd50071d278b9b0001437a889fad481a5a
HASH ATUAL:
00000009bdf5dca67525fbad69b74a33d1a09c724813ad6658fcf2259c51fed0

Bloco: 19
Noce: 13948057
End Ini | End Fim | Bitcoins
  43	   2	   25	 
  203	   130	   4	 
  111	   178	   48	 
  196	   171	   38	 
  110	   65	   3	 
  242	   60	   50	 
  56	   207	   36	 
  200	   35	   48	 
  217	   75	   9	 
  139	   111	   37	 
  43	   226	   8	 
  202	   221	   46	 
  186	   87	   19	 
  61	   10	   18	 
  184	   101	   34	 

HASH ANTERIOR: 
00000009bdf5dca67525fbad69b74a33d1a09c724813ad6658fcf2259c51fed0
HASH ATUAL:
0000008e59062163785dcfc0f5090a6cd0f818d4abb5648f94e5c7bf2eee24b0

Bloco: 20
Noce: 30931293
End Ini | End Fim | Bitcoins
  14	   137	   49	 
  178	   116	   35	 
  62	   179	   8	 
  13	   206	   20	 
  110	   0	   8	 
  156	   177	   30	 
  91	   102	   36	 
  93	   36	   35	 
  75	   67	   45	 
  226	   92	   33	 
  9	   231	   39	 
  184	   165	   4	 
  172	   247	   44	 
  30	   149	   37	 

HASH ANTERIOR: 
0000008e59062163785dcfc0f5090a6cd0f818d4abb5648f94e5c7bf2eee24b0
HASH ATUAL:
000000ece40dfd67e7bb113b351c49157204308e8919f9f50bdd45c432f5d64d

Bloco: 21
Noce: 11050076
End Ini | End Fim | Bitcoins
  215	   154	   9	 
  67	   132	   8	 
  3	   50	   32	 
  62	   168	   49	 
  111	   182	   5	 
  48	   172	   22	 
  103	   251	   18	 
  23	   152	   43	 
  163	   242	   38	 
  249	   34	   17	 
  13	   244	   5	 
  185	   229	   48	 
  242	   129	   16	 
  104	   133	   41	 
  73	   58	   11	 
  191	   178	   40	 
  238	   217	   44	 
  140	   216	   4	 
  84	   10	   11	 
  186	   53	   16	 
  206	   80	   44	 
  175	   167	   27	 
  198	   30	   46	 
  71	   46	   46	 
  11	   213	   19	 
  233	   146	   47	 
  190	   230	   41	 
  238	   66	   7	 
  164	   20	   37	 
  227	   213	   12	 
  160	   133	   32	 
  146	   119	   35	 
  146	   30	   16	 
  31	   114	   4	 
  231	   165	   11	 
  113	   236	   6	 
  210	   237	   15	 
  20	   230	   47	 
  8	   230	   5	 
  200	   40	   11	 
  233	   24	   23	 
  3	   97	   46	 
  152	   208	   38	 
  23	   249	   36	 
  165	   74	   8	 
  168	   167	   40	 
  5	   135	   41	 
  195	   2	   7	 
  32	   176	   38	 
  253	   60	   41	 
  105	   47	   49	 
  90	   67	   26	 
  186	   235	   4	 
  14	   19	   1	 
  246	   218	   14	 
  40	   52	   13	 
  74	   107	   27	 
  160	   176	   21	 
  233	   124	   9	 
  209	   39	   49	 
  226	   38	   25	 

HASH ANTERIOR: 
000000ece40dfd67e7bb113b351c49157204308e8919f9f50bdd45c432f5d64d
HASH ATUAL:
000000cfdc9f0fe24200f9591828972341acfe3b5c7f2bcf272e60d8a5fdf110

Bloco: 22
Noce: 2916871
End Ini | End Fim | Bitcoins
  114	   41	   34	 
  226	   21	   40	 
  232	   252	   34	 
  140	   246	   5	 
  178	   74	   4	 
  95	   171	   45	 
  166	   195	   4	 
  12	   169	   50	 
  26	   18	   18	 
  217	   83	   35	 

HASH ANTERIOR: 
000000cfdc9f0fe24200f9591828972341acfe3b5c7f2bcf272e60d8a5fdf110
HASH ATUAL:
0000008ea203b0ba0919bc7bd74321b4f7df489ebe7351a8fd97faed0d45798a

Bloco: 23
Noce: 5813449
End Ini | End Fim | Bitcoins
  34	   193	   49	 
  87	   93	   48	 
  186	   191	   27	 
  200	   14	   43	 
  234	   65	   29	 
  32	   32	   49	 
  218	   65	   22	 
  72	   210	   40	 
  220	   114	   26	 
  14	   133	   46	 
  90	   137	   29	 
  30	   217	   11	 
  125	   12	   35	 
  53	   144	   7	 
  128	   192	   2	 
  92	   79	   45	 
  16	   216	   21	 
  31	   120	   43	 
  9	   62	   3	 
  174	   42	   11	 
  221	   37	   33	 

HASH ANTERIOR: 
0000008ea203b0ba0919bc7bd74321b4f7df489ebe7351a8fd97faed0d45798a
HASH ATUAL:
0000008cb30f61f45058f43420e850bba804b88b33c6ba7282d1faee49c0cbfd

Bloco: 24
Noce: 35996772
End Ini | End Fim | Bitcoins
  103	   206	   10	 
  217	   91	   41	 
  83	   213	   35	 
  33	   95	   15	 
  53	   19	   19	 
  52	   180	   2	 
  18	   136	   30	 
  235	   200	   7	 
  147	   38	   38	 
  58	   26	   27	 
  118	   138	   16	 
  60	   121	   34	 
  161	   25	   36	 
  25	   0	   12	 
  106	   165	   24	 
  195	   156	   17	 
  52	   72	   14	 
  11	   191	   23	 
  24	   101	   5	 
  182	   104	   16	 
  2	   45	   48	 
  142	   112	   7	 
  219	   253	   14	 
  184	   184	   8	 
  138	   18	   49	 

HASH ANTERIOR: 
0000008cb30f61f45058f43420e850bba804b88b33c6ba7282d1faee49c0cbfd
HASH ATUAL:
000000c48fd7d74b00f5d3c1bfe2703fa85380edb4b035bf4a77d34182f86c3a

Bloco: 25
Noce: 15373030
End Ini | End Fim | Bitcoins
  69	   213	   37	 
  155	   203	   1	 
  1	   210	   25	 
  88	   189	   28	 
  16	   96	   8	 
  190	   36	   25	 
  207	   193	   46	 
  194	   190	   33	 
  46	   0	   41	 
  149	   89	   45	 
  252	   241	   31	 
  196	   123	   24	 
  243	   134	   14	 
  167	   60	   4	 
  95	   60	   13	 
  152	   135	   39	 
  118	   52	   45	 
  23	   67	   28	 
  231	   46	   36	 
  119	   65	   15	 
  28	   236	   2	 
  73	   241	   48	 
  81	   156	   2	 
  168	   140	   46	 
  94	   140	   24	 
  143	   192	   50	 
  60	   164	   24	 
  77	   198	   1	 
  233	   71	   41	 
  228	   245	   40	 
  190	   169	   13	 
  241	   110	   36	 
  134	   37	   2	 
  223	   147	   34	 
  205	   132	   42	 
  119	   228	   12	 
  118	   22	   34	 
  85	   214	   47	 
  108	   249	   47	 
  202	   118	   41	 
  98	   23	   32	 
  123	   12	   38	 
  23	   152	   47	 
  64	   138	   11	 
  114	   6	   13	 
  118	   30	   36	 
  53	   68	   20	 
  96	   145	   9	 
  110	   104	   36	 
  119	   10	   4	 
  24	   199	   36	 
  152	   116	   44	 
  189	   1	   13	 
  144	   64	   33	 
  12	   7	   13	 
  12	   125	   44	 
  143	   217	   14	 
  102	   51	   34	 
  113	   22	   50	 
  27	   154	   6	 
  60	   68	   35	 

HASH ANTERIOR: 
000000c48fd7d74b00f5d3c1bfe2703fa85380edb4b035bf4a77d34182f86c3a
HASH ATUAL:
0000005ac5fa48b53ece78cb113c1fdc230edb7c28b1296b1054ae076366a319

Bloco: 26
Noce: 6014898
End Ini | End Fim | Bitcoins
  58	   31	   24	 
  27	   189	   10	 
  77	   205	   40	 
  66	   103	   34	 
  167	   252	   25	 
  217	   9	   49	 
  85	   86	   16	 
  157	   31	   35	 
  216	   199	   26	 
  138	   35	   10	 

HASH ANTERIOR: 
0000005ac5fa48b53ece78cb113c1fdc230edb7c28b1296b1054ae076366a319
HASH ATUAL:
0000002070d36eca78260053c3666e6d849f148d4237a5a25c49be5865cbb838

Bloco: 27
Noce: 4204504
End Ini | End Fim | Bitcoins
  81	   156	   22	 
  161	   92	   43	 

HASH ANTERIOR: 
0000002070d36eca78260053c3666e6d849f148d4237a5a25c49be5865cbb838
HASH ATUAL:
000000c4830d840a086a4a6a30972f6d75ba9345d3db28ed4c5d6fbf9f64e3a4

Bloco: 28
Noce: 24910590
End Ini | End Fim | Bitcoins
  138	   112	   50	 
  201	   178	   47	 
  244	   70	   7	 
  154	   90	   19	 
  49	   15	   25	 
  253	   67	   31	 
  58	   133	   4	 
  121	   183	   27	 
  2	   151	   20	 
  11	   240	   34	 
  205	   203	   32	 
  32	   98	   48	 
  241	   139	   22	 
  104	   71	   45	 
  115	   209	   8	 
  94	   161	   41	 
  179	   6	   21	 
  21	   122	   24	 
  126	   218	   20	 
  124	   98	   39	 
  202	   1	   11	 
  192	   157	   46	 
  31	   239	   18	 
  216	   46	   32	 
  92	   108	   35	 
  196	   181	   36	 
  210	   163	   29	 
  156	   80	   32	 
  13	   247	   9	 
  103	   222	   28	 
  41	   206	   5	 
  149	   163	   7	 
  223	   218	   15	 
  91	   132	   19	 
  123	   142	   36	 
  68	   228	   29	 
  191	   117	   2	 
  126	   159	   15	 
  151	   188	   43	 
  253	   14	   23	 
  177	   45	   45	 
  180	   47	   28	 
  171	   235	   33	 
  3	   232	   28	 
  141	   64	   43	 
  249	   74	   31	 
  74	   149	   38	 
  250	   99	   6	 
  176	   58	   4	 
  135	   225	   3	 
  21	   178	   21	 
  247	   233	   5	 
  72	   130	   37	 

HASH ANTERIOR: 
000000c4830d840a086a4a6a30972f6d75ba9345d3db28ed4c5d6fbf9f64e3a4
HASH ATUAL:
000000dab01d1b8a06e1f3fda4bed32b28abf55b75e0508383937dfba44da414

Bloco: 29
Noce: 25126990
End Ini | End Fim | Bitcoins
  89	   198	   35	 
  131	   236	   29	 
  38	   55	   25	 
  248	   39	   33	 
  35	   98	   36	 
  15	   102	   6	 
  160	   216	   4	 
  70	   103	   13	 
  247	   98	   32	 
  185	   99	   40	 
  85	   131	   17	 
  73	   12	   27	 
  225	   109	   17	 
  138	   211	   19	 
  163	   93	   12	 
  27	   79	   4	 
  79	   213	   14	 
  169	   75	   17	 
  60	   112	   22	 
  66	   184	   40	 
  244	   156	   16	 
  38	   76	   43	 
  85	   178	   5	 
  226	   114	   39	 
  230	   242	   49	 
  236	   229	   7	 
  209	   31	   44	 
  230	   166	   40	 
  164	   194	   49	 
  152	   17	   33	 
  146	   108	   8	 
  223	   27	   46	 
  152	   161	   26	 
  241	   78	   46	 
  180	   215	   6	 
  128	   150	   40	 
  5	   144	   37	 
  81	   165	   15	 
  74	   196	   44	 
  6	   49	   23	 
  182	   178	   19	 
  129	   51	   35	 
  73	   244	   21	 
  212	   254	   2	 
  52	   18	   20	 
  7	   255	   48	 
  33	   68	   23	 
  158	   171	   44	 
  255	   40	   40	 
  100	   244	   1	 
  94	   32	   31	 

HASH ANTERIOR: 
000000dab01d1b8a06e1f3fda4bed32b28abf55b75e0508383937dfba44da414
HASH ATUAL:
0000005a799a8b627edfd361c1c7345023014718b7e785351ee9a6691e6d8848

Bloco: 30
Noce: 7584637
End Ini | End Fim | Bitcoins
  109	   19	   4	 
  149	   74	   30	 
  188	   59	   29	 
  59	   81	   46	 
  148	   252	   23	 
  0	   91	   1	 
  111	   190	   41	 
  3	   166	   43	 
  55	   61	   20	 
  76	   187	   27	 
  185	   12	   28	 
  228	   116	   1	 
  131	   175	   45	 
  105	   117	   30	 
  48	   191	   6	 
  222	   59	   34	 
  1	   88	   50	 
  75	   57	   48	 
  113	   61	   11	 
  31	   21	   41	 
  59	   162	   9	 
  116	   35	   18	 
  189	   143	   35	 
  10	   195	   31	 
  138	   53	   15	 
  220	   45	   50	 
  44	   34	   4	 
  115	   171	   38	 
  79	   70	   44	 
  165	   182	   37	 
  4	   14	   47	 
  36	   119	   37	 
  94	   61	   36	 
  218	   215	   2	 
  156	   96	   36	 
  48	   221	   31	 
  60	   75	   24	 
  141	   67	   7	 
  144	   160	   8	 
  95	   221	   46	 
  124	   209	   40	 
  26	   182	   20	 
  69	   226	   8	 
  167	   43	   19	 
  89	   32	   31	 
  67	   37	   45	 
  242	   20	   3	 
  175	   110	   47	 

HASH ANTERIOR: 
0000005a799a8b627edfd361c1c7345023014718b7e785351ee9a6691e6d8848
HASH ATUAL:
0000008476adcedbb4199cf1178a666dca3ff5c456172c484e068c5d9abd601a

Bloco: 31
Noce: 29135011
End Ini | End Fim | Bitcoins
  201	   64	   12	 
  76	   42	   1	 
  152	   245	   32	 
  221	   65	   12	 
  121	   63	   12	 
  138	   99	   25	 
  7	   138	   17	 
  237	   47	   27	 
  45	   45	   47	 
  59	   123	   10	 
  236	   150	   48	 
  117	   91	   39	 
  89	   78	   26	 
  102	   254	   36	 
  47	   229	   41	 
  206	   7	   14	 
  203	   252	   50	 
  49	   178	   39	 
  233	   253	   32	 
  53	   54	   36	 
  4	   44	   27	 
  205	   107	   4	 
  119	   103	   14	 
  62	   0	   15	 
  202	   66	   11	 
  141	   185	   50	 
  171	   134	   3	 
  9	   106	   34	 
  83	   123	   19	 
  137	   66	   28	 
  206	   247	   25	 
  161	   109	   18	 
  86	   21	   6	 
  248	   82	   20	 
  22	   184	   19	 
  123	   13	   25	 
  115	   210	   6	 
  36	   255	   10	 
  110	   44	   50	 
  242	   203	   46	 
  155	   3	   20	 
  244	   129	   15	 
  44	   64	   27	 
  157	   108	   30	 
  243	   114	   47	 
  44	   90	   28	 

HASH ANTERIOR: 
0000008476adcedbb4199cf1178a666dca3ff5c456172c484e068c5d9abd601a
HASH ATUAL:
000000e3f9ce730a3b3ea99d7483550d15b34b7777a5672f3ba3e742e109f52e

Bloco: 32
Noce: 39282726
End Ini | End Fim | Bitcoins
  145	   12	   37	 
  229	   191	   48	 
  109	   164	   35	 
  52	   236	   31	 
  4	   74	   43	 
  177	   81	   8	 
  124	   38	   6	 
  185	   115	   14	 
  89	   216	   39	 
  113	   98	   12	 
  238	   27	   49	 
  21	   101	   31	 
  195	   235	   24	 
  181	   179	   6	 
  246	   40	   22	 
  79	   128	   45	 
  87	   36	   18	 
  179	   28	   11	 

HASH ANTERIOR: 
000000e3f9ce730a3b3ea99d7483550d15b34b7777a5672f3ba3e742e109f52e
HASH ATUAL:
00000046658529c7cec8ff50804dd2758ab9da6c415ab02857ec61474a619dde

Bloco: 33
Noce: 12480499
End Ini | End Fim | Bitcoins
  164	   39	   28	 
  251	   171	   48	 
  234	   1	   35	 
  242	   210	   14	 
  141	   112	   29	 
  85	   219	   46	 
  150	   47	   30	 
  109	   187	   16	 
  174	   125	   6	 
  17	   102	   32	 
  217	   25	   4	 
  82	   105	   50	 
  112	   82	   3	 

HASH ANTERIOR: 
00000046658529c7cec8ff50804dd2758ab9da6c415ab02857ec61474a619dde
HASH ATUAL:
000000abd06597bbfbca74da20d2ce2884994271b19af5e930f5f815f0c4e221

Bloco: 34
Noce: 20897235
End Ini | End Fim | Bitcoins
  225	   71	   14	 
  175	   210	   10	 
  142	   229	   16	 
  208	   31	   20	 
  127	   209	   11	 
  3	   31	   46	 

HASH ANTERIOR: 
000000abd06597bbfbca74da20d2ce2884994271b19af5e930f5f815f0c4e221
HASH ATUAL:
000000869c903c25039beaf2dde18f2c48ca0848503dad0d426ac7c2b0f8f2f3

Bloco: 35
Noce: 4273059
End Ini | End Fim | Bitcoins
  35	   103	   7	 
  161	   210	   3	 
  221	   67	   39	 
  227	   17	   9	 
  185	   182	   27	 
  96	   219	   8	 
  57	   2	   9	 
  160	   6	   45	 
  236	   5	   23	 
  134	   239	   24	 

HASH ANTERIOR: 
000000869c903c25039beaf2dde18f2c48ca0848503dad0d426ac7c2b0f8f2f3
HASH ATUAL:
000000053d6bc059250a1a1390f549a6288f31a0d787849934921f5a70a837b5

Bloco: 36
Noce: 16055753
End Ini | End Fim | Bitcoins
  246	   163	   17	 
  192	   174	   19	 
  148	   219	   39	 
  20	   215	   32	 
  113	   240	   27	 
  228	   79	   4	 
  107	   238	   2	 
  146	   158	   20	 
  111	   137	   41	 
  125	   78	   35	 

HASH ANTERIOR: 
000000053d6bc059250a1a1390f549a6288f31a0d787849934921f5a70a837b5
HASH ATUAL:
000000c0cc30f223f9b05801c5538b92bdafb4bf9696193f9e6f80ede32763e2

Bloco: 37
Noce: 2821193
End Ini | End Fim | Bitcoins
  131	   239	   43	 
  148	   165	   45	 
  6	   39	   38	 
  85	   164	   39	 
  18	   219	   44	 
  67	   2	   18	 
  80	   215	   27	 
  1	   129	   11	 
  206	   248	   46	 
  110	   85	   38	 
  10	   252	   49	 
  219	   3	   40	 
  18	   233	   5	 
  56	   225	   4	 
  56	   5	   13	 
  27	   153	   20	 
  168	   163	   44	 
  186	   232	   7	 
  162	   113	   3	 
  115	   163	   46	 
  133	   224	   31	 
  238	   159	   3	 
  20	   170	   44	 
  37	   20	   8	 
  114	   173	   46	 
  117	   48	   2	 
  183	   236	   33	 
  65	   73	   15	 
  130	   46	   24	 
  88	   215	   35	 
  6	   254	   1	 
  220	   123	   46	 
  251	   247	   47	 
  216	   105	   49	 
  118	   190	   15	 
  51	   143	   22	 
  179	   30	   32	 
  236	   135	   5	 
  37	   174	   15	 
  122	   195	   47	 
  72	   45	   37	 
  172	   21	   21	 
  38	   56	   21	 
  209	   45	   5	 
  220	   140	   2	 
  156	   232	   10	 
  189	   5	   16	 
  115	   228	   19	 
  57	   112	   31	 
  130	   125	   34	 
  199	   5	   40	 
  110	   138	   24	 
  95	   160	   48	 
  38	   127	   39	 
  74	   116	   43	 

HASH ANTERIOR: 
000000c0cc30f223f9b05801c5538b92bdafb4bf9696193f9e6f80ede32763e2
HASH ATUAL:
00000000fd23a047e11efaa82f97986d4b14586b98324b50b9351fbea89852ae

Bloco: 38
Noce: 67099729
End Ini | End Fim | Bitcoins
  213	   94	   50	 
  195	   199	   36	 
  16	   64	   42	 
  25	   86	   8	 
  107	   78	   5	 
  156	   79	   11	 
  182	   88	   10	 
  233	   91	   35	 
  231	   21	   27	 

HASH ANTERIOR: 
00000000fd23a047e11efaa82f97986d4b14586b98324b50b9351fbea89852ae
HASH ATUAL:
000000089c34b5c6089b7b209515bb729cc96c2aa252573337087ebf7601e992

Bloco: 39
Noce: 32358428
End Ini | End Fim | Bitcoins
  146	   37	   17	 
  75	   171	   28	 
  223	   33	   39	 
  5	   50	   34	 
  181	   208	   15	 
  88	   216	   1	 
  171	   84	   32	 
  19	   139	   3	 
  88	   13	   15	 
  247	   245	   14	 
  43	   238	   15	 
  32	   195	   22	 
  98	   212	   13	 
  33	   74	   6	 
  145	   205	   7	 
  205	   217	   22	 
  173	   212	   41	 
  210	   156	   16	 
  216	   52	   7	 
  42	   2	   11	 
  48	   22	   21	 
  183	   192	   50	 
  243	   246	   44	 
  163	   1	   14	 
  140	   198	   21	 
  182	   225	   3	 

HASH ANTERIOR: 
000000089c34b5c6089b7b209515bb729cc96c2aa252573337087ebf7601e992
HASH ATUAL:
00000013c2d2f4f9bcdec2506f6201d44637af9cf30157e34418866d0314198b

Bloco: 40
Noce: 515360
End Ini | End Fim | Bitcoins
  245	   187	   2	 
  55	   103	   42	 

HASH ANTERIOR: 
00000013c2d2f4f9bcdec2506f6201d44637af9cf30157e34418866d0314198b
HASH ATUAL:
000000a29d3fcd15dc8cf1437330861aa65c039191d56d281ec3c1d7eec4a991

Bloco: 41
Noce: 17421743
End Ini | End Fim | Bitcoins
  29	   180	   24	 
  163	   68	   34	 
  151	   102	   48	 
  220	   190	   41	 
  204	   200	   15	 
  154	   149	   19	 
  26	   57	   2	 
  74	   143	   41	 
  177	   255	   29	 
  204	   141	   22	 
  184	   196	   26	 
  167	   127	   45	 
  105	   19	   35	 
  198	   49	   45	 
  131	   111	   46	 
  222	   45	   34	 
  253	   141	   49	 
  63	   29	   26	 
  170	   196	   17	 
  157	   49	   22	 
  188	   22	   38	 
  183	   46	   13	 

HASH ANTERIOR: 
000000a29d3fcd15dc8cf1437330861aa65c039191d56d281ec3c1d7eec4a991
HASH ATUAL:
000000d38af3a654fedaff1c9a6fd7c49fa57063cad11308db96bf1b538e33f5

Bloco: 42
Noce: 14889666
End Ini | End Fim | Bitcoins
  35	   92	   16	 
  228	   102	   42	 
  192	   122	   22	 
  249	   108	   26	 
  61	   42	   35	 
  137	   188	   25	 
  0	   217	   24	 
  98	   4	   7	 
  12	   184	   13	 
  247	   216	   12	 
  55	   248	   11	 
  145	   36	   45	 
  138	   35	   3	 
  47	   37	   36	 
  71	   218	   13	 

HASH ANTERIOR: 
000000d38af3a654fedaff1c9a6fd7c49fa57063cad11308db96bf1b538e33f5
HASH ATUAL:
000000f1f9c601ba153c02875885f48469f5061257e13ebc4e0cacabfcf8c1b5

Bloco: 43
Noce: 7288351
End Ini | End Fim | Bitcoins
  230	   97	   10	 
  228	   79	   15	 
  74	   33	   30	 
  114	   159	   49	 
  230	   157	   15	 
  178	   194	   47	 
  207	   213	   28	 
  97	   43	   14	 
  98	   67	   8	 
  174	   177	   26	 
  231	   34	   5	 

HASH ANTERIOR: 
000000f1f9c601ba153c02875885f48469f5061257e13ebc4e0cacabfcf8c1b5
HASH ATUAL:
000000938f493b70b23039b5a8906804a61e21600acf4afed704969842158fac

Bloco: 44
Noce: 43923399
End Ini | End Fim | Bitcoins
  255	   73	   50	 
  199	   81	   3	 
  193	   121	   32	 
  178	   72	   38	 
  127	   202	   13	 
  150	   211	   3	 
  226	   161	   46	 
  49	   244	   47	 
  207	   254	   5	 
  28	   84	   12	 
  163	   198	   5	 
  84	   124	   22	 
  51	   231	   44	 
  45	   73	   25	 
  85	   248	   50	 
  246	   29	   1	 
  117	   99	   48	 
  217	   208	   19	 
  222	   95	   27	 
  2	   137	   48	 
  165	   33	   39	 
  117	   170	   40	 
  153	   222	   30	 
  3	   137	   21	 
  246	   221	   45	 
  253	   36	   39	 
  87	   72	   28	 
  39	   132	   17	 
  120	   141	   6	 
  240	   70	   9	 
  58	   224	   10	 
  91	   162	   2	 
  78	   250	   9	 
  71	   159	   11	 
  223	   48	   6	 
  12	   94	   16	 
  108	   228	   37	 
  176	   43	   39	 
  149	   27	   45	 
  47	   232	   41	 
  223	   166	   13	 
  40	   255	   49	 
  238	   189	   46	 
  184	   249	   17	 
  82	   186	   2	 
  52	   238	   33	 
  55	   176	   18	 
  25	   244	   35	 
  191	   142	   38	 
  185	   202	   19	 

HASH ANTERIOR: 
000000938f493b70b23039b5a8906804a61e21600acf4afed704969842158fac
HASH ATUAL:
00000069649cfe17d41934462f204951624fd8459056a8133017ba3fdbde6f92

Bloco: 45
Noce: 11629341
End Ini | End Fim | Bitcoins
  1	   238	   30	 
  186	   10	   5	 
  124	   194	   38	 
  112	   145	   30	 

HASH ANTERIOR: 
00000069649cfe17d41934462f204951624fd8459056a8133017ba3fdbde6f92
HASH ATUAL:
000000dcf07da221365ce8683cca0a7c9b371c9d912160dca2facd1d7e879c7f

Bloco: 46
Noce: 21448513
End Ini | End Fim | Bitcoins
  165	   7	   44	 
  49	   152	   26	 
  213	   56	   47	 
  88	   75	   12	 
  200	   240	   50	 
  1	   44	   49	 
  81	   245	   2	 
  13	   30	   34	 
  140	   68	   1	 
  107	   149	   6	 
  190	   18	   32	 
  24	   117	   23	 
  5	   69	   48	 
  190	   236	   10	 
  63	   147	   12	 
  212	   187	   23	 
  201	   191	   15	 
  70	   251	   19	 
  186	   45	   8	 
  8	   245	   7	 
  87	   26	   1	 
  1	   190	   25	 
  144	   74	   9	 
  225	   235	   17	 
  20	   121	   12	 
  45	   30	   49	 
  63	   89	   2	 
  171	   87	   13	 
  38	   47	   38	 
  103	   207	   17	 
  32	   94	   34	 
  52	   221	   6	 
  100	   221	   24	 
  178	   39	   38	 
  100	   169	   16	 
  104	   243	   14	 
  45	   118	   45	 
  162	   39	   33	 
  171	   53	   12	 
  68	   93	   19	 
  54	   106	   48	 
  90	   72	   14	 
  77	   151	   14	 
  73	   200	   46	 
  49	   224	   49	 

HASH ANTERIOR: 
000000dcf07da221365ce8683cca0a7c9b371c9d912160dca2facd1d7e879c7f
HASH ATUAL:
000000a24f102da0bb9fe45d0db7fd3c333a0d447c4824f53bd700b7daf23b94

Bloco: 47
Noce: 16721658
End Ini | End Fim | Bitcoins
  249	   64	   31	 
  132	   203	   4	 
  178	   62	   19	 
  214	   22	   25	 
  192	   237	   42	 
  82	   31	   21	 
  220	   67	   21	 
  183	   64	   29	 
  51	   6	   9	 
  156	   63	   19	 
  220	   21	   32	 
  41	   89	   12	 
  20	   102	   36	 
  83	   197	   18	 
  61	   224	   50	 
  110	   136	   20	 
  134	   188	   12	 
  9	   97	   49	 
  235	   49	   25	 
  178	   60	   6	 
  229	   170	   7	 
  7	   149	   47	 
  2	   51	   47	 
  4	   215	   20	 
  79	   78	   3	 
  247	   97	   23	 
  17	   99	   28	 
  162	   255	   5	 
  204	   90	   21	 
  183	   186	   23	 
  216	   63	   5	 
  214	   176	   1	 
  72	   117	   33	 
  228	   198	   24	 
  240	   21	   19	 
  218	   140	   28	 
  139	   194	   9	 
  179	   28	   2	 
  111	   216	   16	 
  86	   190	   21	 
  222	   42	   19	 
  134	   115	   43	 
  80	   54	   46	 
  128	   255	   6	 
  201	   4	   47	 
  125	   209	   16	 
  245	   105	   22	 
  148	   231	   16	 
  140	   166	   21	 
  122	   113	   8	 
  118	   25	   32	 
  218	   197	   49	 
  85	   52	   15	 
  192	   104	   8	 

HASH ANTERIOR: 
000000a24f102da0bb9fe45d0db7fd3c333a0d447c4824f53bd700b7daf23b94
HASH ATUAL:
0000009a95bdcec1434ff479bb1671ffa700353a310790a1027071b4d437d462

Bloco: 48
Noce: 19606359
End Ini | End Fim | Bitcoins
  77	   83	   3	 
  95	   248	   22	 
  135	   231	   34	 
  81	   138	   21	 
  92	   89	   20	 
  217	   233	   13	 
  85	   129	   3	 
  25	   130	   50	 
  112	   52	   30	 
  170	   151	   4	 
  198	   93	   21	 
  47	   237	   20	 
  115	   142	   19	 
  113	   91	   9	 
  138	   156	   13	 
  210	   48	   36	 
  14	   102	   31	 
  47	   211	   16	 
  27	   14	   48	 
  128	   214	   49	 
  42	   84	   35	 
  184	   154	   45	 
  142	   241	   42	 
  80	   230	   20	 
  180	   138	   19	 
  146	   115	   50	 
  80	   128	   46	 
  255	   25	   15	 
  51	   216	   18	 
  232	   194	   36	 
  162	   70	   2	 
  40	   82	   42	 
  90	   191	   43	 
  126	   237	   30	 
  99	   209	   7	 
  187	   141	   7	 
  201	   42	   38	 
  186	   46	   44	 
  41	   147	   7	 
  201	   6	   2	 
  31	   142	   25	 
  189	   1	   39	 
  176	   233	   43	 
  188	   100	   36	 
  132	   148	   9	 
  38	   170	   1	 
  114	   152	   20	 
  43	   121	   27	 
  143	   234	   42	 
  158	   94	   29	 
  221	   216	   6	 
  66	   232	   50	 
  107	   63	   48	 
  2	   31	   29	 
  15	   14	   41	 
  72	   186	   49	 
  6	   224	   37	 

HASH ANTERIOR: 
0000009a95bdcec1434ff479bb1671ffa700353a310790a1027071b4d437d462
HASH ATUAL:
0000006575fe69ba8400b8dbe9af86c195bd070c1d42d477d06446cefc613a5a

Bloco: 49
Noce: 58170458
End Ini | End Fim | Bitcoins
  208	   159	   34	 
  209	   180	   39	 
  107	   118	   40	 
  142	   222	   46	 
  149	   179	   14	 
  193	   53	   19	 
  18	   167	   49	 
  180	   179	   33	 
  242	   43	   16	 
  70	   95	   10	 
  30	   198	   35	 
  26	   83	   28	 
  85	   7	   49	 
  99	   100	   19	 
  34	   153	   39	 
  111	   46	   36	 
  34	   216	   14	 
  33	   106	   1	 
  154	   144	   17	 
  122	   226	   47	 
  214	   141	   41	 
  57	   137	   49	 
  240	   81	   23	 
  12	   163	   7	 
  113	   160	   3	 
  230	   67	   19	 
  90	   131	   37	 
  20	   162	   33	 
  115	   207	   29	 
  146	   237	   13	 
  105	   37	   12	 
  200	   92	   19	 
  161	   136	   23	 
  194	   62	   11	 
  121	   11	   35	 
  242	   223	   13	 
  226	   162	   2	 
  144	   207	   5	 
  228	   238	   24	 
  184	   109	   4	 
  208	   92	   48	 
  47	   202	   1	 
  6	   125	   30	 
  22	   23	   50	 
  239	   234	   33	 
  215	   153	   13	 
  27	   192	   35	 
  32	   183	   45	 

HASH ANTERIOR: 
0000006575fe69ba8400b8dbe9af86c195bd070c1d42d477d06446cefc613a5a
HASH ATUAL:
000000d49d179faa8a866284a8df1f0484000be1561b012d1e1384a9e2ab3332

Bloco: 50
Noce: 1131789
End Ini | End Fim | Bitcoins
  83	   244	   45	 
  63	   149	   21	 
  177	   7	   21	 
  120	   39	   11	 
  61	   31	   3	 
  164	   77	   7	 
  11	   201	   6	 
  36	   11	   12	 
  239	   90	   48	 
  10	   223	   38	 
  249	   139	   34	 
  74	   252	   40	 
  72	   155	   27	 
  12	   162	   29	 
  193	   106	   10	 
  220	   92	   36	 
  39	   41	   17	 
  67	   192	   47	 
  178	   220	   37	 
  87	   202	   32	 
  37	   154	   42	 
  254	   64	   17	 
  82	   96	   10	 
  207	   206	   45	 
  133	   58	   17	 
  7	   78	   48	 
  36	   193	   7	 
  113	   178	   28	 
  56	   204	   36	 
  231	   7	   38	 
  127	   216	   6	 
  211	   113	   44	 
  208	   198	   49	 
  71	   178	   43	 
  118	   167	   27	 
  74	   109	   43	 
  148	   207	   38	 
  216	   108	   24	 
  200	   138	   31	 
  87	   178	   19	 
  42	   174	   3	 
  20	   8	   39	 
  41	   177	   6	 
  172	   135	   39	 
  87	   218	   40	 
  190	   181	   15	 
  15	   53	   10	 
  254	   249	   12	 
  213	   88	   3	 
  145	   220	   48	 
  255	   23	   12	 
  39	   148	   15	 
  191	   33	   14	 
  119	   26	   5	 
  43	   234	   13	 
  118	   254	   48	 
  216	   34	   40	 

HASH ANTERIOR: 
000000d49d179faa8a866284a8df1f0484000be1561b012d1e1384a9e2ab3332
HASH ATUAL:
000000a3a24bd67c359f4b1d45d197ceeb81c2a0f0d80341467442640a54d28d

Bloco: 51
Noce: 3280635
End Ini | End Fim | Bitcoins
  85	   132	   42	 
  43	   178	   50	 
  3	   197	   13	 
  72	   164	   1	 
  151	   170	   40	 
  83	   255	   35	 
  48	   0	   21	 
  243	   88	   23	 
  5	   182	   2	 
  139	   137	   29	 
  216	   207	   19	 
  62	   62	   50	 
  155	   198	   19	 
  116	   192	   45	 
  24	   56	   31	 
  2	   153	   43	 
  29	   41	   11	 
  81	   128	   50	 
  3	   146	   39	 
  91	   26	   33	 
  213	   55	   2	 
  137	   172	   16	 
  121	   142	   20	 
  36	   100	   25	 
  111	   222	   19	 

HASH ANTERIOR: 
000000a3a24bd67c359f4b1d45d197ceeb81c2a0f0d80341467442640a54d28d
HASH ATUAL:
000000ba3dd1da8931b042a01106f1fd0efa03067a911de1f8987d381ead84b1

Bloco: 52
Noce: 29388540
End Ini | End Fim | Bitcoins
  26	   72	   11	 
  59	   196	   25	 
  106	   16	   40	 
  134	   129	   36	 
  215	   157	   14	 
  95	   79	   6	 
  20	   46	   6	 
  34	   233	   49	 
  112	   249	   42	 
  131	   115	   41	 
  215	   37	   5	 
  13	   249	   13	 
  89	   248	   22	 
  227	   105	   11	 
  168	   58	   36	 
  58	   183	   37	 
  87	   58	   50	 
  63	   115	   8	 
  3	   163	   15	 
  205	   39	   20	 
  127	   132	   2	 
  75	   254	   6	 

HASH ANTERIOR: 
000000ba3dd1da8931b042a01106f1fd0efa03067a911de1f8987d381ead84b1
HASH ATUAL:
0000009ccc76265dd38e931843b639949e4e656d5b5d4cdb9aa2d1fa2429ce62

Bloco: 53
Noce: 18210032
End Ini | End Fim | Bitcoins
  241	   36	   23	 
  146	   211	   46	 
  80	   111	   7	 
  81	   2	   13	 
  23	   37	   25	 
  101	   148	   36	 
  211	   63	   41	 
  192	   181	   39	 
  103	   191	   38	 
  102	   112	   5	 
  120	   56	   33	 
  178	   223	   18	 
  42	   71	   27	 
  186	   71	   44	 
  69	   145	   36	 
  185	   198	   36	 
  157	   154	   41	 
  152	   45	   35	 
  162	   84	   24	 
  183	   174	   31	 
  74	   57	   36	 
  183	   186	   37	 
  177	   13	   20	 
  163	   217	   26	 
  7	   18	   34	 
  252	   172	   10	 
  109	   246	   47	 
  101	   9	   45	 
  10	   155	   11	 
  200	   175	   7	 

HASH ANTERIOR: 
0000009ccc76265dd38e931843b639949e4e656d5b5d4cdb9aa2d1fa2429ce62
HASH ATUAL:
00000058df111ec1b5c36db494005d8823ff5c30cc862190e372464395233566

Bloco: 54
Noce: 59133895
End Ini | End Fim | Bitcoins
  95	   119	   37	 
  156	   79	   43	 
  52	   83	   8	 
  66	   161	   24	 
  46	   80	   31	 
  165	   8	   48	 
  143	   166	   25	 
  72	   1	   33	 
  136	   225	   34	 
  196	   43	   31	 
  130	   147	   5	 
  188	   15	   47	 
  116	   122	   47	 
  113	   149	   34	 
  165	   224	   9	 
  41	   90	   26	 
  228	   32	   36	 
  161	   171	   37	 
  10	   130	   37	 
  49	   105	   21	 
  61	   169	   44	 
  223	   81	   37	 
  145	   103	   8	 
  174	   7	   12	 
  115	   119	   33	 
  58	   217	   49	 
  72	   167	   9	 
  194	   252	   33	 
  3	   124	   47	 
  35	   247	   39	 
  252	   77	   41	 
  173	   176	   2	 
  131	   142	   12	 
  41	   188	   12	 
  92	   220	   8	 
  49	   86	   18	 
  131	   168	   33	 
  5	   178	   10	 
  13	   204	   21	 
  122	   24	   17	 
  24	   134	   19	 
  61	   172	   8	 
  224	   33	   43	 
  43	   151	   29	 
  142	   13	   5	 
  34	   220	   28	 

HASH ANTERIOR: 
00000058df111ec1b5c36db494005d8823ff5c30cc862190e372464395233566
HASH ATUAL:
000000a33996831a154710b997362cc8cd1f7e4a07ebaeb2a85cdeefe596847b

Bloco: 55
Noce: 453232
End Ini | End Fim | Bitcoins
  118	   189	   2	 
  80	   68	   18	 
  73	   201	   28	 
  43	   166	   3	 
  203	   213	   17	 
  129	   108	   11	 
  65	   88	   22	 
  219	   152	   27	 
  54	   12	   14	 
  246	   33	   35	 
  48	   197	   44	 
  16	   142	   17	 
  30	   190	   38	 
  49	   244	   34	 
  139	   174	   46	 
  139	   170	   28	 
  108	   50	   48	 
  168	   208	   35	 
  241	   187	   32	 
  220	   4	   22	 
  173	   123	   26	 
  146	   220	   30	 
  201	   250	   16	 
  175	   1	   3	 
  136	   203	   35	 
  240	   99	   3	 
  77	   73	   22	 
  17	   205	   3	 
  178	   134	   38	 
  200	   24	   42	 
  109	   70	   36	 
  180	   187	   50	 
  211	   158	   16	 
  162	   249	   11	 
  20	   153	   27	 
  113	   196	   5	 
  82	   50	   13	 
  255	   179	   42	 
  168	   134	   34	 
  78	   87	   36	 
  217	   6	   14	 
  25	   172	   40	 
  171	   84	   18	 
  205	   182	   5	 
  89	   156	   28	 
  38	   133	   19	 
  26	   201	   46	 
  71	   172	   9	 
  225	   9	   41	 

HASH ANTERIOR: 
000000a33996831a154710b997362cc8cd1f7e4a07ebaeb2a85cdeefe596847b
HASH ATUAL:
000000430de71a31285113e30889162327ea2774e9d41a480389f21aed5f1669

Bloco: 56
Noce: 14716158
End Ini | End Fim | Bitcoins
  36	   56	   7	 
  79	   105	   16	 
  36	   160	   30	 
  230	   48	   27	 
  169	   94	   28	 
  170	   213	   15	 
  49	   227	   47	 
  254	   37	   48	 
  167	   189	   13	 
  8	   168	   5	 
  9	   104	   18	 
  109	   215	   3	 
  53	   254	   15	 
  180	   254	   30	 
  152	   233	   30	 
  47	   243	   15	 
  16	   4	   22	 
  164	   21	   41	 
  89	   67	   13	 
  46	   98	   9	 
  208	   216	   29	 
  62	   97	   42	 
  254	   183	   20	 
  167	   202	   37	 
  252	   205	   28	 
  125	   153	   7	 
  17	   56	   29	 
  19	   173	   23	 
  75	   108	   45	 
  252	   15	   1	 
  55	   90	   18	 
  143	   16	   32	 
  60	   68	   23	 
  200	   211	   29	 
  190	   178	   47	 
  207	   104	   5	 
  17	   131	   18	 
  118	   77	   32	 
  214	   70	   10	 
  247	   239	   18	 
  167	   232	   16	 
  9	   45	   9	 
  137	   127	   40	 
  236	   26	   15	 
  68	   1	   45	 

HASH ANTERIOR: 
000000430de71a31285113e30889162327ea2774e9d41a480389f21aed5f1669
HASH ATUAL:
0000006413413e633be1d6fa078f0dd8b23c550b89dc34c02b2c606360b9946e

Bloco: 57
Noce: 18109523
End Ini | End Fim | Bitcoins
  234	   224	   14	 
  79	   65	   14	 

HASH ANTERIOR: 
0000006413413e633be1d6fa078f0dd8b23c550b89dc34c02b2c606360b9946e
HASH ATUAL:
000000ae04294df3656cc3137b82b106147bdb9389ccd4089e1dc245e3df2962

Bloco: 58
Noce: 38971977
End Ini | End Fim | Bitcoins
  40	   29	   50	 
  35	   241	   43	 
  232	   112	   21	 
  197	   93	   50	 
  116	   58	   30	 
  87	   105	   44	 
  20	   182	   38	 
  148	   96	   37	 
  58	   240	   22	 
  109	   19	   17	 
  215	   182	   47	 
  174	   131	   18	 
  69	   22	   24	 
  65	   102	   40	 
  121	   103	   12	 
  147	   52	   17	 
  129	   83	   6	 
  77	   73	   13	 
  241	   118	   39	 
  251	   206	   9	 
  68	   220	   24	 
  251	   132	   26	 
  148	   91	   5	 
  175	   54	   1	 
  28	   146	   49	 
  42	   164	   50	 
  4	   86	   27	 
  75	   164	   12	 
  94	   124	   7	 
  194	   57	   2	 
  192	   164	   44	 
  62	   51	   29	 
  251	   237	   28	 
  101	   234	   7	 
  19	   25	   8	 
  201	   189	   7	 
  218	   71	   30	 
  115	   98	   39	 
  170	   159	   19	 
  184	   33	   47	 
  164	   40	   9	 
  235	   50	   15	 
  57	   81	   43	 
  159	   122	   32	 
  38	   195	   41	 
  20	   182	   29	 
  241	   143	   46	 
  250	   13	   25	 
  148	   47	   20	 
  18	   82	   37	 
  171	   129	   49	 
  244	   97	   15	 
  91	   48	   50	 
  97	   194	   21	 

HASH ANTERIOR: 
000000ae04294df3656cc3137b82b106147bdb9389ccd4089e1dc245e3df2962
HASH ATUAL:
0000004b48ca6aa95c3d1bcca723ce4fddb6a6b74c7bf7c734f0fd9ca7025e6f

Bloco: 59
Noce: 3051695
End Ini | End Fim | Bitcoins
  52	   188	   33	 
  60	   48	   16	 
  49	   72	   4	 
  153	   80	   6	 
  192	   197	   43	 
  119	   158	   42	 
  12	   98	   4	 
  227	   249	   28	 
  9	   161	   33	 
  83	   54	   13	 
  105	   185	   37	 
  40	   173	   13	 
  187	   92	   9	 
  82	   221	   21	 
  222	   175	   12	 
  117	   162	   27	 
  101	   153	   14	 
  144	   80	   12	 
  29	   79	   31	 
  81	   163	   3	 
  25	   157	   16	 
  3	   241	   47	 
  93	   74	   39	 
  156	   113	   3	 
  26	   233	   39	 
  224	   215	   37	 
  232	   134	   35	 
  28	   177	   20	 
  131	   14	   5	 
  82	   168	   28	 
  14	   50	   38	 
  211	   184	   7	 
  200	   255	   11	 
  243	   97	   48	 
  150	   5	   47	 
  161	   121	   7	 
  122	   62	   6	 
  57	   202	   5	 
  90	   248	   42	 
  245	   41	   41	 
  110	   183	   40	 
  214	   183	   36	 
  19	   214	   44	 
  31	   233	   45	 
  79	   229	   12	 
  238	   28	   39	 

HASH ANTERIOR: 
0000004b48ca6aa95c3d1bcca723ce4fddb6a6b74c7bf7c734f0fd9ca7025e6f
HASH ATUAL:
000000c2efbc3f6721b95f430cc47d22b01d83a2124849e517e7b67f43d85675

Bloco: 60
Noce: 567036
End Ini | End Fim | Bitcoins
  220	   68	   31	 
  145	   166	   3	 
  255	   178	   2	 
  153	   36	   7	 
  66	   202	   9	 
  84	   0	   30	 
  211	   229	   50	 
  89	   35	   17	 
  173	   182	   15	 
  108	   118	   24	 
  167	   200	   31	 
  188	   204	   19	 
  212	   200	   7	 
  179	   79	   31	 
  34	   80	   33	 
  55	   247	   11	 
  101	   33	   17	 
  226	   46	   21	 
  81	   100	   27	 
  27	   22	   48	 
  193	   135	   7	 
  106	   92	   3	 
  165	   42	   14	 
  12	   99	   19	 
  125	   243	   47	 
  23	   47	   50	 
  133	   127	   21	 
  84	   197	   43	 
  70	   0	   7	 
  135	   214	   19	 
  0	   151	   42	 
  163	   123	   6	 
  51	   209	   10	 
  29	   0	   25	 
  222	   137	   32	 
  211	   55	   42	 
  159	   133	   50	 
  62	   209	   15	 
  43	   153	   35	 
  87	   245	   43	 
  45	   218	   10	 
  144	   242	   5	 
  37	   201	   27	 

HASH ANTERIOR: 
000000c2efbc3f6721b95f430cc47d22b01d83a2124849e517e7b67f43d85675
HASH ATUAL:
0000004ec671c716499852ebb5d3d530d70c5ffa26fdebeb583ce8d883bb2701

Bloco: 61
Noce: 33450155
End Ini | End Fim | Bitcoins
  251	   106	   19	 
  13	   218	   48	 
  34	   80	   20	 
  247	   162	   39	 
  10	   166	   10	 
  83	   47	   12	 
  211	   38	   37	 
  247	   40	   31	 
  62	   230	   45	 
  73	   142	   49	 
  148	   88	   3	 
  97	   248	   19	 
  2	   179	   48	 
  72	   252	   50	 
  186	   99	   43	 
  181	   85	   23	 
  96	   52	   24	 
  248	   248	   37	 
  179	   178	   2	 
  160	   18	   26	 
  119	   211	   43	 
  37	   84	   15	 
  0	   164	   43	 
  164	   216	   2	 
  245	   197	   45	 
  65	   164	   34	 
  171	   53	   28	 
  23	   164	   27	 
  246	   6	   43	 
  134	   223	   28	 
  93	   204	   6	 
  6	   148	   27	 
  150	   233	   25	 
  253	   56	   28	 
  222	   23	   21	 
  196	   91	   19	 
  143	   22	   8	 
  190	   249	   23	 
  17	   34	   29	 
  96	   97	   1	 
  222	   219	   22	 
  50	   151	   19	 
  156	   101	   42	 
  177	   130	   19	 
  114	   193	   31	 
  70	   172	   23	 
  154	   160	   17	 
  151	   11	   34	 
  159	   72	   2	 
  72	   212	   11	 
  176	   226	   23	 
  1	   162	   2	 
  37	   203	   16	 
  35	   65	   29	 
  17	   19	   30	 
  175	   232	   33	 
  224	   96	   11	 
  103	   68	   28	 
  218	   68	   20	 
  136	   215	   5	 
  157	   127	   30	 

HASH ANTERIOR: 
0000004ec671c716499852ebb5d3d530d70c5ffa26fdebeb583ce8d883bb2701
HASH ATUAL:
00000054c6ab73caf8809dd080457202d37ced2a30c8b3a6d05d900d3de24c56

Bloco: 62
Noce: 5405163
End Ini | End Fim | Bitcoins
  231	   87	   5	 
  153	   45	   11	 
  63	   46	   28	 
  125	   9	   33	 
  76	   34	   17	 
  59	   81	   16	 
  65	   193	   47	 
  101	   83	   2	 
  138	   68	   33	 
  77	   191	   12	 
  94	   235	   28	 
  22	   91	   47	 
  157	   55	   37	 
  110	   183	   31	 
  243	   40	   48	 
  29	   141	   21	 
  44	   164	   37	 
  218	   103	   28	 

HASH ANTERIOR: 
00000054c6ab73caf8809dd080457202d37ced2a30c8b3a6d05d900d3de24c56
HASH ATUAL:
0000003fe56b9a134f88a0cfa10aae4464e2cae45d626f00c2fe2d2c4920c36b

Bloco: 63
Noce: 15808938
End Ini | End Fim | Bitcoins
  91	   143	   17	 
  137	   96	   40	 

HASH ANTERIOR: 
0000003fe56b9a134f88a0cfa10aae4464e2cae45d626f00c2fe2d2c4920c36b
HASH ATUAL:
0000005937ffe3747f494a80449655985ce431adf38b4917fdbe6888a3eacdcc

Bloco: 64
Noce: 1456969
End Ini | End Fim | Bitcoins
  232	   216	   6	 
  203	   151	   36	 
  226	   192	   40	 
  8	   225	   3	 
  96	   119	   11	 
  153	   133	   26	 
  226	   156	   4	 
  177	   250	   30	 
  118	   23	   10	 
  45	   143	   46	 
  215	   41	   32	 
  12	   227	   5	 
  186	   117	   27	 
  199	   197	   21	 
  8	   154	   1	 
  230	   83	   42	 
  209	   81	   34	 
  80	   13	   13	 
  34	   39	   42	 
  54	   191	   10	 
  82	   68	   38	 
  44	   92	   2	 
  216	   157	   44	 
  254	   88	   36	 
  105	   122	   47	 
  194	   34	   24	 

HASH ANTERIOR: 
0000005937ffe3747f494a80449655985ce431adf38b4917fdbe6888a3eacdcc
HASH ATUAL:
0000004a587dd4df528a9666822f62107d7f51227c931169bd50529b4f02e944

Bloco: 65
Noce: 7562018
End Ini | End Fim | Bitcoins
  28	   82	   12	 
  126	   115	   16	 
  207	   175	   45	 
  194	   199	   30	 
  166	   189	   36	 
  133	   132	   34	 
  153	   164	   32	 
  167	   114	   47	 
  229	   126	   26	 
  190	   109	   19	 
  150	   140	   25	 
  150	   232	   44	 
  173	   226	   30	 
  90	   28	   16	 
  89	   138	   41	 
  16	   113	   39	 
  3	   46	   48	 
  224	   232	   50	 
  177	   247	   18	 
  211	   248	   20	 
  50	   177	   29	 
  72	   23	   48	 
  24	   241	   26	 
  67	   83	   23	 
  170	   72	   7	 
  148	   173	   44	 
  148	   13	   24	 
  87	   135	   24	 
  169	   233	   13	 
  247	   55	   49	 

HASH ANTERIOR: 
0000004a587dd4df528a9666822f62107d7f51227c931169bd50529b4f02e944
HASH ATUAL:
0000005a63d5e63345a4bfc58a5829696ea9dba3de7510c3f54781fe7d2281ef

Bloco: 66
Noce: 15477169
End Ini | End Fim | Bitcoins
  158	   143	   48	 
  156	   101	   44	 
  121	   193	   4	 
  246	   91	   40	 
  152	   121	   1	 
  24	   225	   46	 

HASH ANTERIOR: 
0000005a63d5e63345a4bfc58a5829696ea9dba3de7510c3f54781fe7d2281ef
HASH ATUAL:
00000094499a4368b311f825fd162ac081e22a9a7b3fd50080f9a93820a4c97e

Bloco: 67
Noce: 15469201
End Ini | End Fim | Bitcoins
  74	   173	   39	 
  158	   138	   5	 
  120	   130	   48	 
  119	   84	   37	 
  229	   72	   9	 
  208	   77	   6	 
  191	   171	   15	 
  148	   2	   9	 
  179	   223	   3	 

HASH ANTERIOR: 
00000094499a4368b311f825fd162ac081e22a9a7b3fd50080f9a93820a4c97e
HASH ATUAL:
0000009337ee430bbe10304064d658513cfdbeecd6e7d1980f9ab3c834c181e3

Bloco: 68
Noce: 6855040
End Ini | End Fim | Bitcoins
  74	   225	   24	 
  162	   206	   7	 
  115	   123	   19	 
  41	   47	   10	 
  243	   85	   39	 
  32	   145	   10	 

HASH ANTERIOR: 
0000009337ee430bbe10304064d658513cfdbeecd6e7d1980f9ab3c834c181e3
HASH ATUAL:
0000001ff208efc0dcc5db4a6c7badf75ae644699a148e981225971d9d7fc6a0

Bloco: 69
Noce: 1690682
End Ini | End Fim | Bitcoins
  127	   242	   7	 
  69	   199	   8	 
  16	   69	   12	 
  125	   237	   4	 
  135	   203	   22	 
  88	   117	   49	 
  85	   122	   30	 
  224	   8	   25	 
  4	   157	   8	 
  100	   22	   28	 
  106	   194	   17	 
  135	   214	   29	 
  188	   254	   47	 
  85	   245	   46	 
  30	   157	   12	 
  103	   222	   49	 
  15	   138	   11	 
  168	   88	   31	 
  25	   33	   34	 
  212	   204	   31	 
  216	   185	   20	 
  22	   89	   42	 
  15	   182	   40	 
  233	   47	   39	 
  66	   162	   40	 
  193	   60	   31	 
  42	   66	   46	 
  97	   229	   29	 
  118	   49	   10	 
  45	   120	   38	 
  173	   83	   15	 
  172	   25	   46	 
  46	   30	   7	 
  1	   209	   30	 
  37	   238	   48	 
  79	   88	   5	 
  130	   238	   1	 
  140	   157	   38	 
  36	   22	   21	 
  104	   193	   3	 
  129	   166	   25	 
  48	   133	   18	 
  17	   19	   46	 
  89	   180	   30	 
  242	   230	   32	 
  8	   49	   14	 
  17	   180	   16	 
  57	   47	   17	 
  170	   242	   35	 
  207	   218	   8	 
  105	   253	   44	 
  187	   104	   16	 

HASH ANTERIOR: 
0000001ff208efc0dcc5db4a6c7badf75ae644699a148e981225971d9d7fc6a0
HASH ATUAL:
0000006e8cf14d897867672096b1628becd713d77ef08249748545415aee84bb

Bloco: 70
Noce: 8941551
End Ini | End Fim | Bitcoins
  186	   214	   40	 
  142	   154	   18	 
  109	   149	   20	 
  0	   221	   3	 
  189	   123	   40	 
  220	   254	   48	 
  93	   164	   12	 
  89	   219	   34	 
  109	   24	   44	 
  37	   83	   30	 
  11	   152	   45	 
  35	   45	   18	 
  222	   178	   49	 
  164	   102	   19	 
  190	   149	   46	 
  31	   100	   24	 
  112	   217	   45	 
  21	   178	   21	 
  183	   181	   39	 
  2	   92	   46	 
  226	   92	   18	 
  127	   220	   38	 
  104	   92	   40	 

HASH ANTERIOR: 
0000006e8cf14d897867672096b1628becd713d77ef08249748545415aee84bb
HASH ATUAL:
0000005beb40ec98532a6e000d173704e1b16c60b27ee49b764e47573226801c

Bloco: 71
Noce: 70165077
End Ini | End Fim | Bitcoins
  140	   129	   37	 
  70	   46	   3	 
  131	   96	   5	 
  223	   47	   32	 
  149	   242	   8	 
  34	   205	   16	 
  66	   204	   12	 
  109	   53	   25	 
  222	   102	   1	 
  88	   200	   9	 
  41	   236	   20	 
  160	   19	   1	 
  116	   11	   5	 
  112	   4	   3	 
  134	   177	   35	 
  179	   204	   33	 
  191	   70	   7	 
  100	   17	   34	 
  101	   103	   46	 
  145	   116	   44	 
  218	   144	   19	 
  184	   218	   5	 
  225	   95	   10	 
  149	   28	   34	 
  7	   195	   36	 
  162	   56	   17	 
  197	   89	   25	 

HASH ANTERIOR: 
0000005beb40ec98532a6e000d173704e1b16c60b27ee49b764e47573226801c
HASH ATUAL:
000000a46965b08126372bcd2f997aaee10a2568f691f2deca8840e94c411bb9

Bloco: 72
Noce: 56787982
End Ini | End Fim | Bitcoins
  227	   222	   41	 
  134	   186	   43	 
  2	   185	   6	 
  128	   164	   26	 
  236	   10	   33	 
  165	   10	   12	 
  176	   101	   7	 
  96	   173	   4	 
  181	   59	   43	 
  62	   170	   16	 
  104	   82	   10	 
  145	   98	   10	 
  52	   159	   2	 
  113	   73	   48	 
  60	   40	   2	 
  216	   184	   24	 
  21	   105	   18	 
  192	   61	   22	 
  237	   110	   22	 
  177	   216	   23	 
  246	   11	   37	 

HASH ANTERIOR: 
000000a46965b08126372bcd2f997aaee10a2568f691f2deca8840e94c411bb9
HASH ATUAL:
0000003e7553174a0e98714fc90fdf39784ba6e21ad57508bc0769ff94b0dcac

Bloco: 73
Noce: 13280334
End Ini | End Fim | Bitcoins
  38	   62	   26	 
  76	   156	   17	 
  85	   84	   33	 
  205	   171	   4	 
  17	   205	   21	 
  218	   32	   32	 
  217	   55	   46	 
  174	   161	   3	 
  154	   18	   48	 
  129	   182	   47	 
  17	   47	   35	 
  211	   69	   5	 
  57	   87	   34	 
  240	   211	   9	 
  86	   49	   47	 
  132	   64	   27	 
  224	   2	   20	 
  176	   145	   1	 
  162	   143	   36	 
  254	   141	   26	 
  52	   238	   15	 
  253	   186	   45	 
  207	   167	   49	 
  252	   144	   39	 
  10	   71	   24	 
  226	   132	   28	 
  54	   175	   9	 
  132	   55	   6	 
  69	   162	   21	 
  166	   143	   29	 
  249	   15	   26	 
  109	   76	   48	 
  206	   150	   34	 
  213	   230	   9	 
  3	   111	   49	 
  76	   36	   18	 
  224	   194	   29	 
  56	   118	   15	 
  125	   10	   40	 
  22	   170	   25	 
  250	   228	   23	 
  186	   69	   3	 
  12	   225	   29	 
  153	   219	   32	 
  53	   197	   37	 
  59	   55	   43	 
  50	   101	   8	 
  28	   170	   27	 
  182	   112	   34	 
  163	   92	   43	 
  182	   125	   48	 

HASH ANTERIOR: 
0000003e7553174a0e98714fc90fdf39784ba6e21ad57508bc0769ff94b0dcac
HASH ATUAL:
000000128bcf2d3d6ad0f8bf408d6fcaad51ca9f1482e028b899641dd8ba1086

Bloco: 74
Noce: 5334512
End Ini | End Fim | Bitcoins
  130	   91	   18	 
  40	   87	   3	 
  122	   121	   35	 
  53	   60	   13	 
  215	   111	   43	 
  153	   180	   6	 
  125	   95	   36	 
  69	   89	   33	 
  198	   45	   47	 
  96	   242	   28	 
  166	   229	   3	 
  133	   143	   46	 
  211	   22	   9	 
  39	   245	   13	 
  123	   220	   21	 
  33	   100	   27	 
  228	   26	   27	 
  10	   179	   16	 
  212	   240	   15	 
  160	   59	   42	 
  89	   109	   4	 
  107	   109	   25	 
  2	   116	   30	 
  126	   199	   38	 
  226	   219	   11	 

HASH ANTERIOR: 
000000128bcf2d3d6ad0f8bf408d6fcaad51ca9f1482e028b899641dd8ba1086
HASH ATUAL:
000000aede9746d19f22736374a4f8b4e70f32e853bf6d59fe09d7f365176eed

Bloco: 75
Noce: 274034
End Ini | End Fim | Bitcoins
  138	   36	   25	 
  178	   40	   2	 
  106	   69	   22	 
  162	   204	   24	 
  36	   101	   3	 

HASH ANTERIOR: 
000000aede9746d19f22736374a4f8b4e70f32e853bf6d59fe09d7f365176eed
HASH ATUAL:
000000b15e84badcb5b69e6cf91da0378ad124b36368161e16adc5534334a632

Bloco: 76
Noce: 60416494
End Ini | End Fim | Bitcoins
  57	   189	   42	 
  138	   250	   16	 
  101	   131	   29	 
  44	   92	   47	 
  109	   120	   6	 
  209	   84	   23	 
  13	   151	   35	 
  97	   127	   47	 
  125	   53	   15	 
  246	   201	   43	 
  139	   31	   47	 
  188	   37	   14	 
  170	   107	   24	 
  153	   134	   8	 
  242	   4	   20	 
  226	   10	   33	 
  187	   64	   3	 
  77	   47	   36	 
  149	   203	   44	 
  165	   85	   40	 
  237	   83	   36	 
  103	   176	   21	 
  255	   79	   34	 
  217	   224	   17	 
  103	   87	   37	 
  15	   203	   14	 
  155	   121	   21	 

HASH ANTERIOR: 
000000b15e84badcb5b69e6cf91da0378ad124b36368161e16adc5534334a632
HASH ATUAL:
0000001c0c4975181748fb7009f4faff8d9bd170b1e5f772b0cb61a1dc879291

Bloco: 77
Noce: 10088783
End Ini | End Fim | Bitcoins
  85	   94	   2	 
  190	   179	   36	 
  175	   229	   6	 
  1	   54	   2	 
  206	   163	   44	 
  112	   229	   24	 
  200	   163	   47	 
  40	   73	   50	 
  130	   150	   43	 
  42	   169	   4	 
  177	   207	   26	 

HASH ANTERIOR: 
0000001c0c4975181748fb7009f4faff8d9bd170b1e5f772b0cb61a1dc879291
HASH ATUAL:
0000005c5e49df0fd743ff52521eca8ecd43786b733411bdfeee7556bcbd85ea

Bloco: 78
Noce: 97746288
End Ini | End Fim | Bitcoins
  38	   235	   26	 
  75	   156	   42	 
  51	   213	   35	 
  95	   141	   21	 
  94	   220	   35	 
  112	   158	   33	 
  44	   116	   48	 
  85	   102	   16	 
  68	   212	   36	 
  143	   10	   46	 
  45	   34	   25	 
  8	   137	   22	 
  91	   72	   11	 
  171	   133	   45	 
  86	   106	   33	 
  159	   32	   32	 
  227	   240	   44	 
  38	   181	   27	 
  130	   255	   3	 
  222	   206	   24	 
  9	   49	   5	 
  196	   49	   14	 
  190	   72	   36	 
  31	   162	   31	 
  237	   147	   28	 
  72	   111	   44	 
  52	   67	   8	 
  239	   43	   24	 
  26	   26	   1	 
  84	   62	   29	 
  190	   242	   14	 
  187	   13	   29	 
  38	   199	   22	 
  180	   202	   19	 
  41	   220	   13	 
  119	   139	   25	 
  156	   28	   34	 
  123	   84	   6	 
  94	   232	   30	 
  5	   45	   9	 
  244	   186	   45	 
  96	   16	   31	 
  122	   248	   2	 
  23	   50	   40	 
  227	   149	   21	 
  5	   82	   35	 
  19	   147	   38	 
  132	   245	   21	 
  78	   19	   7	 
  65	   34	   18	 
  127	   121	   4	 
  252	   163	   6	 
  198	   210	   27	 
  44	   251	   19	 
  235	   37	   27	 
  185	   117	   19	 
  11	   170	   50	 
  214	   150	   31	 
  225	   233	   23	 

HASH ANTERIOR: 
0000005c5e49df0fd743ff52521eca8ecd43786b733411bdfeee7556bcbd85ea
HASH ATUAL:
0000002168e1edc8fe0f385ebb0c3f07bdf505606a83e7919333a2df9d585de7

Bloco: 79
Noce: 14931040
End Ini | End Fim | Bitcoins
  120	   47	   29	 
  153	   177	   36	 
  172	   98	   2	 
  195	   119	   48	 
  241	   142	   9	 
  16	   218	   35	 
  205	   94	   15	 
  238	   124	   49	 
  52	   178	   21	 
  99	   160	   22	 
  9	   43	   28	 
  159	   184	   7	 
  131	   140	   39	 
  57	   246	   48	 
  136	   65	   40	 
  223	   94	   36	 
  7	   189	   38	 
  49	   241	   27	 
  183	   82	   46	 
  222	   113	   6	 
  167	   96	   41	 
  34	   35	   12	 
  83	   94	   40	 

HASH ANTERIOR: 
0000002168e1edc8fe0f385ebb0c3f07bdf505606a83e7919333a2df9d585de7
HASH ATUAL:
0000001a95d37e577e452958da9b3940a9a0b354f1441675ae2ab6380d11df07

Bloco: 80
Noce: 15371526
End Ini | End Fim | Bitcoins
  188	   77	   38	 
  141	   203	   33	 
  58	   24	   35	 
  116	   162	   8	 
  24	   117	   13	 
  68	   246	   5	 
  26	   251	   47	 
  116	   211	   50	 
  113	   61	   24	 
  239	   220	   43	 
  106	   92	   6	 
  44	   106	   44	 
  112	   204	   19	 
  153	   250	   38	 
  22	   208	   21	 
  115	   11	   44	 
  102	   184	   38	 
  124	   241	   8	 
  0	   142	   16	 
  23	   195	   48	 
  110	   92	   2	 
  39	   221	   4	 
  96	   228	   34	 
  252	   20	   31	 
  174	   147	   43	 
  230	   128	   10	 
  149	   88	   4	 
  180	   14	   14	 
  78	   152	   40	 
  217	   124	   24	 
  169	   161	   5	 
  37	   31	   19	 
  88	   205	   6	 
  95	   17	   16	 

HASH ANTERIOR: 
0000001a95d37e577e452958da9b3940a9a0b354f1441675ae2ab6380d11df07
HASH ATUAL:
00000031932e5cc1eda3c633c3d0eb67b3be2d0821e5f06e07dc7b4514612c72

Bloco: 81
Noce: 321427
End Ini | End Fim | Bitcoins
  134	   18	   8	 
  120	   120	   12	 
  0	   165	   48	 
  182	   139	   41	 
  213	   229	   48	 
  58	   89	   8	 
  20	   200	   10	 
  104	   111	   36	 
  122	   254	   26	 
  82	   84	   44	 
  116	   74	   5	 
  236	   146	   19	 
  141	   39	   48	 
  196	   22	   11	 
  137	   0	   18	 
  237	   37	   47	 
  200	   211	   6	 
  101	   138	   37	 
  213	   184	   18	 
  172	   34	   9	 
  251	   244	   6	 
  93	   250	   11	 
  128	   6	   41	 
  61	   83	   12	 
  133	   62	   10	 
  47	   239	   28	 
  81	   182	   24	 
  66	   128	   6	 
  164	   27	   49	 
  74	   116	   21	 
  99	   66	   45	 
  183	   141	   11	 
  230	   40	   41	 
  119	   232	   39	 
  191	   36	   24	 
  29	   226	   50	 
  114	   167	   17	 
  27	   103	   4	 
  27	   42	   18	 
  117	   252	   1	 
  7	   20	   12	 
  218	   130	   6	 
  230	   237	   10	 
  157	   36	   7	 
  24	   128	   34	 
  46	   109	   11	 
  66	   152	   13	 
  212	   42	   1	 
  6	   243	   10	 
  59	   86	   3	 
  49	   166	   45	 
  131	   139	   2	 
  211	   35	   46	 
  68	   93	   45	 
  209	   95	   32	 
  8	   186	   23	 
  150	   83	   41	 
  244	   85	   50	 
  99	   87	   19	 
  190	   214	   12	 

HASH ANTERIOR: 
00000031932e5cc1eda3c633c3d0eb67b3be2d0821e5f06e07dc7b4514612c72
HASH ATUAL:
00000063b399914493b5c058f08a7abcaf8e019fb279e9b26ec50dfaa9a8a660

Bloco: 82
Noce: 28658113
End Ini | End Fim | Bitcoins
  139	   103	   11	 
  19	   209	   4	 
  30	   83	   48	 
  36	   42	   9	 
  222	   222	   27	 
  135	   53	   2	 
  161	   73	   3	 
  112	   80	   22	 
  22	   193	   20	 
  233	   76	   7	 
  100	   65	   34	 
  78	   90	   7	 
  100	   129	   43	 
  243	   124	   45	 
  103	   102	   8	 
  8	   231	   19	 
  234	   198	   14	 
  226	   215	   18	 
  110	   212	   30	 
  53	   126	   49	 
  83	   12	   33	 
  196	   153	   25	 
  7	   28	   25	 
  31	   162	   1	 
  149	   125	   50	 
  46	   75	   46	 
  102	   246	   44	 
  137	   210	   28	 
  125	   123	   1	 
  106	   23	   30	 
  11	   134	   48	 
  150	   136	   28	 
  63	   69	   14	 
  170	   183	   32	 
  177	   85	   10	 
  17	   37	   46	 
  87	   255	   27	 
  146	   231	   26	 
  100	   132	   6	 

HASH ANTERIOR: 
00000063b399914493b5c058f08a7abcaf8e019fb279e9b26ec50dfaa9a8a660
HASH ATUAL:
00000091bb11e68de65a8b3a1bf80bd895805989a02e7302af6c3560a5d8c198

Bloco: 83
Noce: 29649736
End Ini | End Fim | Bitcoins
  155	   16	   49	 
  89	   31	   41	 
  99	   15	   27	 
  44	   32	   6	 
  174	   139	   14	 
  22	   6	   13	 
  12	   130	   41	 
  80	   10	   35	 
  34	   77	   8	 
  42	   206	   22	 
  246	   112	   33	 
  184	   55	   9	 
  80	   241	   48	 
  127	   116	   29	 
  87	   138	   3	 
  79	   62	   25	 
  158	   75	   15	 
  75	   157	   7	 
  140	   225	   23	 
  29	   96	   3	 
  87	   122	   21	 
  12	   107	   7	 
  10	   71	   6	 
  168	   98	   26	 
  150	   61	   2	 
  140	   49	   20	 
  65	   54	   4	 
  156	   198	   48	 
  125	   25	   21	 
  111	   229	   28	 
  3	   38	   38	 
  55	   39	   8	 

HASH ANTERIOR: 
00000091bb11e68de65a8b3a1bf80bd895805989a02e7302af6c3560a5d8c198
HASH ATUAL:
00000026dc47a260c6a4852423995f4d87b5612f5bd37f8bb17b6008ca6672b1

Bloco: 84
Noce: 7894820
End Ini | End Fim | Bitcoins
  222	   218	   41	 
  139	   95	   20	 
  39	   143	   28	 
  20	   6	   3	 
  225	   165	   8	 
  108	   36	   44	 
  153	   253	   18	 
  21	   197	   23	 
  175	   253	   15	 
  150	   26	   6	 
  206	   72	   31	 

HASH ANTERIOR: 
00000026dc47a260c6a4852423995f4d87b5612f5bd37f8bb17b6008ca6672b1
HASH ATUAL:
000000dbb8a597c9b26b4835ba701ec04674c74bac1ea474231cde730ae4fce7

Bloco: 85
Noce: 4439775
End Ini | End Fim | Bitcoins
  177	   103	   21	 
  9	   63	   35	 
  254	   236	   45	 
  209	   191	   39	 
  230	   106	   27	 
  157	   19	   30	 
  40	   134	   24	 
  234	   132	   37	 
  80	   124	   30	 
  42	   141	   21	 
  90	   205	   20	 
  86	   126	   1	 
  8	   4	   37	 
  13	   31	   17	 
  215	   187	   17	 
  103	   192	   35	 
  1	   7	   24	 
  72	   20	   47	 
  46	   4	   31	 
  124	   86	   34	 
  99	   139	   7	 
  189	   143	   6	 
  102	   71	   44	 
  114	   177	   46	 
  109	   69	   4	 
  37	   120	   6	 
  215	   229	   44	 
  186	   174	   37	 
  180	   49	   24	 
  169	   101	   12	 
  10	   60	   41	 
  118	   138	   43	 
  10	   207	   31	 
  163	   0	   16	 
  91	   147	   12	 
  112	   66	   40	 
  250	   118	   44	 
  94	   246	   33	 
  227	   154	   23	 
  89	   71	   13	 
  10	   199	   20	 
  0	   33	   34	 
  190	   121	   12	 

HASH ANTERIOR: 
000000dbb8a597c9b26b4835ba701ec04674c74bac1ea474231cde730ae4fce7
HASH ATUAL:
000000aa42f355b0c9a31184f20ccf1dff5d6e9a749de993a51d6fa208b71de4

Bloco: 86
Noce: 1005469
End Ini | End Fim | Bitcoins
  43	   88	   5	 
  238	   36	   42	 
  103	   206	   49	 
  49	   218	   28	 
  207	   40	   48	 
  158	   81	   44	 
  88	   243	   45	 
  107	   227	   15	 

HASH ANTERIOR: 
000000aa42f355b0c9a31184f20ccf1dff5d6e9a749de993a51d6fa208b71de4
HASH ATUAL:
0000000c48f655f2a4d5931a3f5879ecb02f9bed5de271f0c453e086216beaf7

Bloco: 87
Noce: 3770758
End Ini | End Fim | Bitcoins
  221	   37	   7	 
  126	   88	   36	 
  116	   36	   39	 
  40	   133	   19	 
  117	   208	   28	 
  254	   21	   9	 
  55	   186	   29	 
  79	   224	   37	 
  71	   52	   4	 
  31	   197	   39	 

HASH ANTERIOR: 
0000000c48f655f2a4d5931a3f5879ecb02f9bed5de271f0c453e086216beaf7
HASH ATUAL:
0000002428be5a95190b9781ae054df4434ee940ea435ba728675e5512c8302a

Bloco: 88
Noce: 1076573
End Ini | End Fim | Bitcoins
  241	   37	   17	 
  44	   171	   28	 
  79	   147	   10	 
  244	   153	   11	 
  59	   111	   26	 
  161	   0	   17	 
  89	   71	   10	 
  223	   132	   41	 
  188	   94	   16	 
  175	   47	   14	 
  29	   83	   40	 
  165	   181	   26	 
  208	   27	   31	 
  63	   219	   48	 
  126	   194	   17	 
  161	   172	   35	 
  8	   249	   6	 
  71	   253	   36	 
  208	   71	   42	 
  39	   97	   28	 
  240	   53	   15	 
  157	   77	   21	 
  126	   70	   11	 
  187	   110	   33	 
  214	   71	   32	 
  231	   240	   40	 
  76	   240	   25	 
  20	   213	   39	 
  247	   61	   8	 
  225	   175	   43	 

HASH ANTERIOR: 
0000002428be5a95190b9781ae054df4434ee940ea435ba728675e5512c8302a
HASH ATUAL:
0000001ca9593ae0e712f4d1661c33333ff67482fc158f0de748612622a98d49

Bloco: 89
Noce: 7536727
End Ini | End Fim | Bitcoins
  24	   154	   13	 
  69	   140	   18	 
  107	   125	   37	 
  59	   48	   47	 
  185	   14	   38	 
  7	   37	   50	 
  189	   0	   32	 
  150	   170	   26	 
  245	   160	   9	 
  26	   136	   20	 
  118	   168	   41	 
  114	   151	   30	 
  60	   179	   3	 
  69	   212	   30	 
  39	   32	   46	 
  103	   131	   29	 
  46	   140	   47	 
  68	   43	   28	 
  165	   187	   18	 
  155	   53	   36	 
  97	   70	   36	 
  110	   216	   16	 
  83	   50	   49	 
  49	   29	   15	 
  13	   104	   27	 
  103	   116	   8	 
  166	   88	   30	 
  147	   128	   17	 
  241	   88	   24	 
  189	   174	   15	 

HASH ANTERIOR: 
0000001ca9593ae0e712f4d1661c33333ff67482fc158f0de748612622a98d49
HASH ATUAL:
000000a2acf6602ac0fd6cecaf59ae8ea501723c9221a219bf477fce0e2d5a9f

Bloco: 90
Noce: 3181493
End Ini | End Fim | Bitcoins
  183	   137	   19	 
  164	   106	   15	 
  101	   209	   16	 
  114	   85	   35	 
  26	   241	   46	 
  175	   10	   18	 
  152	   144	   15	 
  155	   58	   25	 
  175	   11	   12	 
  221	   238	   26	 
  157	   207	   10	 
  24	   109	   48	 
  3	   250	   49	 
  97	   241	   11	 
  69	   10	   36	 

HASH ANTERIOR: 
000000a2acf6602ac0fd6cecaf59ae8ea501723c9221a219bf477fce0e2d5a9f
HASH ATUAL:
000000aa5063d1e6ee71e13a9c81610d2dc6c43ce5a86656c6efb7980d420eec

Bloco: 91
Noce: 1819201
End Ini | End Fim | Bitcoins
  152	   18	   16	 
  166	   107	   26	 
  199	   71	   39	 
  129	   28	   34	 
  149	   207	   26	 
  220	   170	   46	 
  188	   223	   44	 
  33	   115	   27	 
  22	   32	   34	 
  178	   234	   1	 
  143	   101	   7	 
  113	   18	   46	 
  37	   181	   46	 
  212	   141	   2	 
  74	   124	   48	 
  74	   15	   22	 
  167	   68	   39	 
  55	   40	   24	 
  159	   119	   25	 
  115	   105	   45	 
  27	   166	   23	 
  2	   150	   8	 
  231	   156	   10	 
  171	   161	   5	 
  239	   66	   26	 
  185	   125	   5	 
  106	   82	   34	 
  87	   15	   21	 
  221	   216	   34	 
  141	   5	   6	 
  22	   44	   2	 
  91	   167	   24	 
  189	   174	   6	 
  111	   52	   21	 
  191	   34	   48	 
  248	   177	   18	 
  25	   97	   45	 
  139	   158	   17	 
  209	   99	   45	 
  233	   235	   44	 
  81	   81	   6	 
  76	   25	   26	 

HASH ANTERIOR: 
000000aa5063d1e6ee71e13a9c81610d2dc6c43ce5a86656c6efb7980d420eec
HASH ATUAL:
00000031370e502fd1cdbec2a27a3a140f67fa0f6e853464ead7d8ec6da587f8

Bloco: 92
Noce: 1157846
End Ini | End Fim | Bitcoins
  64	   175	   3	 
  222	   23	   49	 
  95	   148	   18	 
  230	   56	   27	 
  117	   132	   16	 
  52	   243	   22	 
  142	   100	   9	 
  154	   144	   21	 
  73	   218	   44	 
  183	   233	   15	 
  16	   52	   28	 
  234	   56	   15	 
  56	   85	   18	 
  235	   97	   26	 
  108	   163	   27	 
  89	   14	   47	 
  112	   93	   3	 
  166	   206	   16	 
  153	   109	   47	 
  58	   190	   31	 
  178	   17	   17	 
  9	   172	   42	 
  200	   43	   5	 
  166	   67	   1	 
  33	   36	   40	 
  17	   54	   6	 
  0	   216	   13	 
  55	   124	   9	 
  68	   245	   16	 
  118	   199	   15	 
  231	   67	   19	 
  47	   137	   47	 
  113	   95	   45	 
  252	   38	   1	 
  184	   143	   44	 
  116	   47	   6	 
  175	   202	   38	 
  101	   85	   23	 
  240	   49	   38	 

HASH ANTERIOR: 
00000031370e502fd1cdbec2a27a3a140f67fa0f6e853464ead7d8ec6da587f8
HASH ATUAL:
0000008424a66df8b6336c666d67aa0d52bc342bcea3e7500812a0336ab59db8

Bloco: 93
Noce: 43507783
End Ini | End Fim | Bitcoins
  167	   224	   23	 
  70	   61	   5	 
  10	   179	   24	 
  186	   255	   10	 
  38	   202	   47	 
  4	   142	   36	 
  180	   209	   13	 
  149	   89	   40	 
  236	   179	   28	 
  63	   58	   33	 
  169	   200	   19	 
  92	   177	   4	 
  4	   78	   23	 

HASH ANTERIOR: 
0000008424a66df8b6336c666d67aa0d52bc342bcea3e7500812a0336ab59db8
HASH ATUAL:
0000006be406d20dcc9ef9b72281bee546d635b8b8d93a65a4ca70d2f4156356

Bloco: 94
Noce: 17878491
End Ini | End Fim | Bitcoins
  70	   71	   36	 
  29	   168	   9	 
  52	   172	   45	 
  155	   254	   14	 
  152	   101	   23	 
  20	   149	   34	 
  10	   235	   6	 
  61	   2	   1	 
  119	   166	   2	 
  0	   69	   28	 
  77	   55	   11	 
  140	   65	   43	 
  46	   49	   29	 
  37	   174	   42	 
  8	   3	   39	 
  72	   106	   26	 
  55	   132	   41	 
  216	   51	   21	 
  66	   159	   7	 
  23	   81	   27	 
  112	   142	   30	 
  18	   126	   6	 
  232	   223	   2	 
  25	   210	   22	 
  97	   219	   8	 
  211	   176	   26	 
  210	   57	   24	 
  45	   31	   29	 
  3	   208	   22	 
  4	   10	   38	 
  143	   180	   27	 
  49	   91	   34	 
  245	   59	   30	 
  87	   111	   2	 
  212	   1	   22	 
  8	   30	   40	 
  163	   29	   38	 
  134	   255	   12	 
  158	   113	   1	 
  236	   65	   32	 
  249	   165	   9	 
  184	   225	   32	 
  206	   217	   8	 
  208	   255	   18	 
  144	   68	   18	 
  186	   132	   19	 
  110	   165	   41	 
  229	   15	   6	 

HASH ANTERIOR: 
0000006be406d20dcc9ef9b72281bee546d635b8b8d93a65a4ca70d2f4156356
HASH ATUAL:
000000f0f1758cbbe90bad034dbde8997dd922d28d453eb10e5b98170d87ace8

Bloco: 95
Noce: 36499129
End Ini | End Fim | Bitcoins
  104	   91	   33	 
  156	   187	   9	 
  107	   96	   1	 

HASH ANTERIOR: 
000000f0f1758cbbe90bad034dbde8997dd922d28d453eb10e5b98170d87ace8
HASH ATUAL:
000000bd444f8eb6efb27ac75d0ddb1cc482b5546dcc291fe9386c3865c85327

Bloco: 96
Noce: 30627925
End Ini | End Fim | Bitcoins
  135	   187	   4	 
  111	   49	   31	 
  47	   215	   25	 
  1	   4	   42	 
  78	   77	   3	 
  251	   220	   15	 
  2	   83	   50	 
  71	   241	   14	 
  155	   197	   43	 
  142	   65	   25	 
  215	   77	   16	 
  209	   148	   29	 

HASH ANTERIOR: 
000000bd444f8eb6efb27ac75d0ddb1cc482b5546dcc291fe9386c3865c85327
HASH ATUAL:
000000670ff96cfbec24103375a03fefa21b357ef10e7391db6b906216773da6

Bloco: 97
Noce: 2423900
End Ini | End Fim | Bitcoins
  70	   2	   25	 
  98	   226	   31	 
  212	   126	   5	 
  48	   253	   2	 
  80	   27	   10	 
  250	   131	   31	 
  88	   148	   23	 
  177	   230	   18	 
  85	   143	   6	 
  71	   61	   38	 
  99	   95	   27	 
  154	   199	   2	 
  134	   43	   20	 
  172	   88	   8	 
  249	   131	   4	 
  144	   134	   25	 
  184	   251	   31	 
  73	   160	   25	 
  19	   121	   44	 
  88	   210	   5	 
  161	   194	   34	 
  116	   147	   26	 
  62	   140	   6	 
  190	   98	   48	 
  137	   128	   14	 
  190	   246	   25	 
  121	   38	   23	 
  241	   226	   16	 
  74	   193	   35	 
  69	   20	   27	 
  189	   96	   19	 
  158	   68	   38	 
  122	   24	   24	 
  158	   215	   40	 
  40	   211	   6	 
  251	   187	   32	 
  98	   243	   3	 
  126	   29	   40	 
  212	   162	   27	 
  197	   151	   14	 
  14	   74	   27	 
  113	   95	   24	 
  44	   74	   15	 
  96	   101	   4	 
  75	   223	   15	 
  159	   98	   17	 
  17	   129	   27	 
  80	   58	   30	 
  231	   30	   43	 
  18	   219	   34	 
  114	   79	   10	 
  172	   248	   29	 
  89	   132	   23	 
  240	   148	   7	 
  136	   30	   6	 
  155	   49	   13	 
  36	   241	   8	 
  14	   23	   32	 
  26	   55	   2	 
  126	   142	   22	 
  95	   250	   30	 

HASH ANTERIOR: 
000000670ff96cfbec24103375a03fefa21b357ef10e7391db6b906216773da6
HASH ATUAL:
000000df9a97f0910e717aac56b4f5903e0bb1881f55a203d87d9ee213884c03

Bloco: 98
Noce: 12114086
End Ini | End Fim | Bitcoins
  100	   192	   39	 
  171	   85	   12	 
  224	   123	   11	 
  171	   75	   47	 
  247	   190	   7	 
  201	   85	   17	 
  179	   3	   42	 
  155	   0	   50	 
  56	   191	   41	 
  46	   156	   10	 
  19	   15	   15	 
  90	   18	   41	 
  168	   251	   26	 
  91	   121	   41	 
  112	   174	   38	 
  40	   68	   28	 
  112	   133	   16	 
  92	   32	   34	 
  153	   90	   42	 
  106	   47	   6	 
  232	   119	   13	 
  127	   172	   47	 
  213	   247	   12	 
  111	   1	   21	 
  59	   73	   22	 
  144	   2	   20	 
  139	   133	   12	 
  115	   101	   37	 
  151	   229	   15	 
  216	   179	   44	 
  46	   56	   41	 
  154	   19	   14	 
  25	   238	   44	 
  202	   190	   10	 
  191	   192	   27	 
  100	   58	   8	 
  214	   26	   35	 
  112	   67	   3	 
  41	   78	   45	 
  116	   6	   42	 
  219	   248	   11	 
  153	   243	   28	 
  115	   188	   40	 
  7	   229	   5	 
  146	   97	   49	 
  62	   153	   20	 
  84	   237	   5	 
  168	   15	   29	 
  76	   225	   45	 
  6	   196	   25	 
  78	   117	   11	 
  88	   224	   13	 
  83	   87	   50	 
  31	   160	   14	 
  167	   214	   19	 
  182	   36	   28	 
  225	   227	   15	 
  21	   177	   20	 
  218	   246	   23	 
  6	   223	   16	 

HASH ANTERIOR: 
000000df9a97f0910e717aac56b4f5903e0bb1881f55a203d87d9ee213884c03
HASH ATUAL:
000000668ae840c27aa4ccb46e278a767874e756e4c6746651d683c764374dd6

Bloco: 99
Noce: 16938551
End Ini | End Fim | Bitcoins
  71	   72	   36	 
  73	   98	   21	 
  75	   192	   45	 
  108	   231	   39	 
  59	   81	   31	 
  253	   30	   9	 
  139	   124	   1	 
  85	   30	   41	 
  11	   52	   23	 
  200	   245	   4	 
  4	   186	   12	 
  76	   47	   29	 
  42	   88	   23	 
  33	   108	   43	 
  19	   48	   37	 
  123	   156	   9	 
  137	   225	   40	 
  90	   162	   24	 
  0	   203	   10	 
  152	   60	   24	 
  3	   107	   3	 
  246	   69	   29	 
  45	   167	   24	 
  172	   63	   29	 
  211	   168	   1	 
  53	   65	   14	 
  93	   127	   18	 
  162	   226	   50	 
  76	   168	   35	 
  148	   187	   22	 
  177	   98	   42	 
  157	   237	   33	 
  99	   45	   35	 
  135	   41	   41	 
  39	   55	   29	 
  196	   155	   2	 
  31	   188	   23	 
  192	   60	   40	 
  202	   57	   30	 
  111	   74	   33	 
  158	   70	   47	 
  163	   60	   7	 
  95	   177	   48	 

HASH ANTERIOR: 
000000668ae840c27aa4ccb46e278a767874e756e4c6746651d683c764374dd6
HASH ATUAL:
000000d31ffc5637ede38664ac753e8e9737836d09137f4adec64f146608bdad

Bloco: 100
Noce: 69383882
End Ini | End Fim | Bitcoins
  124	   143	   44	 
  122	   4	   50	 
  180	   121	   31	 
  135	   38	   6	 
  171	   214	   47	 
  70	   146	   1	 
  187	   255	   21	 
  172	   242	   26	 
  79	   49	   16	 
  221	   21	   23	 
  239	   206	   13	 
  213	   188	   10	 
  42	   243	   42	 
  236	   207	   7	 
  45	   22	   2	 
  177	   152	   19	 
  51	   228	   10	 
  23	   12	   2	 
  162	   206	   1	 
  75	   201	   4	 
  162	   26	   38	 
  185	   148	   24	 

HASH ANTERIOR: 
000000d31ffc5637ede38664ac753e8e9737836d09137f4adec64f146608bdad
HASH ATUAL:
00000028834593dd92be708c301ef44b46bf5ef643a7ec495df6a55a30f7fb56

